476
444
338
930
3
878
18
26
498
933
791
911
401
332
671
207
860
220
917
333
849
679
335
8
154
538
639
508
601
191
706
861
866
463
791
391
976
883
267
717
123
170
278
634
729
67
757
77
810
195
609
740
547
5
550
734
633
450
940
143
406
539
226
194
998
491
53
268
735
817
871
958
785
304
933
891
645
507
897
108
379
101
839
370
657
117
413
882
546
888
35
562
690
308
427
195
8
804
608
482
248
326
423
277
813
486
999
40
53
931
96
887
838
972
192
402
579
451
270
787
44
877
698
807
232
842
308
412
312
869
756
897
115
883
514
939
957
679
399
881
637
887
351
190
289
165
320
97
413
548
477
55
788
166
660
788
189
812
905
392
771
174
166
166
764
902
817
578
623
51
358
66
125
866
807
162
958
318
615
771
276
283
608
312
295
752
353
812
484
11
569
991
110
308
688
823
898
96
424
64
344
618
267
754
793
226
150
761
734
554
145
15
882
359
923
206
546
641
906
368
438
406
484
941
579
290
402
633
193
88
437
637
510
131
801
521
229
364
259
446
957
931
830
164
354
35
72
662
836
867
386
158
656
429
450
659
871
145
927
181
239
271
801
278
346
223
293
515
337
138
108
110
463
151
876
16
300
116
66
373
877
761
292
377
157
533
900
315
283
738
975
720
742
918
390
335
139
800
345
863
598
544
909
276
868
509
454
803
134
184
482
564
149
460
298
250
761
984
178
143
138
848
161
265
968
546
351
404
716
677
699
330
579
630
519
532
113
104
634
408
648
89
927
981
506
684
245
809
721
911
64
6
442
504
51
937
437
519
680
448
169
477
357
227
691
681
83
217
250
286
559
840
830
679
750
149
27
743
386
930
610
605
545
206
804
556
476
559
875
916
70
180
838
767
947
564
199
630
939
364
487
364
882
947
938
789
6
872
117
809
879
612
448
63
844
552
601
508
81
501
404
636
990
681
532
454
341
461
478
740
761
886
473
558
444
392
822
475
664
983
859
433
529
509
94
792
689
672
390
601
135
772
992
763
24
284
11
421
526
804
527
520
964
15
840
208
205
869
493
498
71
343
623
307
780
717
874
850
844
574
576
133
583
368
149
170
461
695
713
427
716
153
721
903
353
990
994
221
425
574
944
61
665
97
908
286
963
799
467
148
877
463
327
48
357
864
871
388
128
371
730
239
728
898
826
666
17
996
155
779
92
923
225
796
934
170
456
651
784
72
38
998
189
801
735
756
925
262
840
706
478
144
37
29
595
666
253
103
485
354
644
295
608
525
761
995
632
21
594
627
68
139
623
908
284
625
238
220
102
82
867
541
928
99
967
18
434
980
571
951
121
955
428
612
714
399
923
99
236
644
844
150
757
669
762
633
300
105
277
280
104
708
589
42
447
700
942
361
570
165
262
557
776
954
905
461
676
444
852
432
662
815
772
882
146
432
383
472
777
364
218
234
851
985
417
953
387
165
450
294
894
505
731
307
687
703
948
164
711
161
528
185
225
599
92
478
382
580
934
813
684
533
513
666
528
62
732
724
578
90
268
522
491
651
568
293
625
946
193
589
670
619
92
656
850
96
19
106
203
177
770
935
693
73
117
527
386
484
328
869
658
331
947
863
504
279
51
241
294
249
578
351
969
679
416
728
538
446
868
207
934
984
786
54
706
334
151
462
799
543
113
578
666
122
532
139
251
994
909
682
985
698
137
270
767
459
930
612
73
75
911
518
730
493
296
621
624
367
819
391
572
866
50
576
873
460
547
317
595
491
332
374
468
829
36
73
401
58
683
827
986
202
476
336
67
202
176
869
377
994
573
338
491
264
360
235
873
722
214
902
561
959
223
975
149
823
866
349
63
523
674
438
768
584
304
32
487
157
240
612
195
113
526
506
137
827
961
935
919
546
939
576
206
742
713
965
464
940
179
751
732
70
419
539
329
523
146
824
591
725
875
292
132
267
119
612
934
265
171
670
508
958
35
93
735
242
921
824
532
209
283
453
354
555
771
993
715
110
619
786
280
634
928
277
845
457
36
463
458
506
649
914
221
744
698
418
872
79
954
448
50
367
279
853
276
189
996
412
63
734
308
121
252
248
837
412
613
204
368
786
993
541
595
728
808
79
239
119
473
499
177
824
447
49
351
526
920
514
89
394
818
825
119
674
743
106
18
810
614
864
27
307
336
514
193
119
524
401
560
9
401
26
714
957
283
221
309
429
720
616
347
11
196
861
879
700
519
698
493
907
448
188
416
77
852
73
309
656
721
540
877
39
638
377
208
38
894
874
374
356
299
602
193
541
889
616
192
878
123
504
779
754
915
140
337
57
780
963
441
324
676
90
707
437
658
613
832
866
296
962
222
640
904
314
244
454
34
662
539
584
362
270
21
570
35
959
163
943
792
866
906
637
686
37
84
100
40
549
548
527
333
585
275
109
79
302
635
650
422
120
633
400
57
542
373
536
325
471
246
245
791
502
296
1
402
637
48
239
343
409
613
310
75
436
234
291
603
40
586
941
960
659
18
885
31
452
635
845
321
654
588
620
975
970
168
320
415
538
364
266
218
738
340
886
471
482
880
862
668
400
229
789
382
750
925
591
356
745
136
998
357
449
755
445
138
346
994
856
94
157
502
938
777
553
105
726
244
905
103
360
309
372
674
287
215
167
372
327
842
63
864
355
585
828
38
651
225
521
355
347
672
311
866
750
217
755
608
774
42
294
200
129
84
27
333
401
983
733
518
682
784
479
857
929
250
104
871
801
142
306
387
356
586
83
273
571
679
784
381
376
840
77
410
532
8
745
493
450
679
327
267
784
954
279
830
436
216
496
499
418
807
766
481
891
59
959
674
543
374
528
545
443
586
216
709
397
730
679
133
843
468
132
115
320
842
989
64
592
741
939
886
565
458
822
224
260
941
195
138
217
947
477
821
883
102
139
844
728
967
480
999
66
655
137
259
805
152
666
535
664
500
154
886
672
210
95
599
184
792
449
77
949
97
132
789
269
233
935
629
655
181
259
922
913
893
888
947
95
545
423
302
262
857
956
656
620
856
995
430
154
224
655
725
536
444
665
394
763
246
787
480
639
512
816
393
978
647
486
79
152
630
213
137
392
395
820
321
65
928
75
79
46
485
146
862
114
647
822
707
289
483
663
208
926
959
100
381
382
905
842
60
69
209
865
414
751
686
692
888
20
999
615
390
979
293
36
796
294
774
82
935
953
252
256
59
252
810
939
406
767
141
178
907
326
769
361
236
276
318
56
414
682
241
478
890
423
930
841
586
558
919
63
677
723
987
169
3
797
321
1
861
525
526
773
593
314
227
371
824
942
165
245
416
513
229
196
230
563
573
355
525
896
68
183
434
343
639
356
274
388
649
18
581
287
390
970
660
99
920
34
149
810
919
6
543
569
998
317
885
909
881
781
862
704
221
562
368
514
330
808
162
953
33
255
665
654
935
424
60
439
853
993
816
323
858
312
485
77
346
3
97
154
838
102
783
918
759
183
309
309
251
497
48
227
223
230
550
190
193
602
269
49
186
673
199
855
872
425
141
269
394
871
76
286
833
708
638
413
60
298
19
854
810
556
702
705
159
683
329
647
244
537
631
121
983
817
820
511
739
213
31
453
388
89
440
947
998
274
417
638
370
85
693
243
35
725
815
845
907
797
322
461
674
826
965
86
202
264
989
171
647
710
968
350
756
720
919
48
800
882
480
513
919
556
725
717
220
35
794
524
834
665
900
480
287
882
414
636
937
987
685
791
971
929
964
670
414
319
293
622
873
401
532
566
291
713
712
84
825
751
802
740
44
14
556
952
68
437
553
987
915
371
689
949
296
929
401
939
322
776
596
939
105
114
853
329
41
956
716
391
628
554
43
569
54
169
224
759
394
291
736
396
236
745
970
643
691
127
445
582
287
410
555
866
978
586
772
977
562
741
769
849
122
984
310
367
725
280
850
906
497
310
701
926
368
166
315
340
234
859
709
249
22
315
294
478
153
801
400
218
208
484
636
7
164
128
768
223
448
785
219
251
176
684
423
469
389
453
216
273
787
197
173
396
449
954
272
915
305
528
602
440
654
724
821
168
876
559
997
666
568
132
18
494
757
422
215
6
481
465
6
989
19
10
340
114
258
5
487
496
214
955
227
98
523
525
828
71
793
522
283
619
69
752
164
414
307
107
84
124
672
633
236
147
682
279
662
205
710
453
917
77
101
557
587
354
249
134
666
808
264
373
157
599
501
274
371
347
94
893
326
787
829
750
314
564
135
659
197
517
691
940
219
662
210
231
181
977
194
891
612
998
101
270
183
176
166
996
975
929
301
758
388
349
906
992
388
518
116
295
526
518
23
352
672
264
652
665
676
474
22
385
219
211
477
111
1
673
542
608
1
79
987
7
965
822
428
210
478
290
770
882
920
127
15
671
380
17
487
966
133
489
310
858
571
640
76
718
617
125
971
156
487
234
299
21
352
392
244
455
863
964
922
983
754
793
270
66
711
530
63
536
484
442
423
868
797
23
495
281
941
479
583
266
58
831
933
255
49
186
512
765
709
476
602
586
172
823
742
238
996
506
604
201
259
422
627
192
826
818
889
44
578
47
480
615
740
49
847
495
614
288
949
197
961
911
815
925
999
964
40
14
477
595
42
580
567
324
460
983
398
623
874
244
868
217
168
644
37
790
221
355
761
6
317
103
469
51
574
537
914
230
984
197
501
508
110
719
320
249
347
181
321
853
674
299
178
398
232
535
252
914
675
29
719
390
174
673
376
171
167
580
854
980
410
652
968
377
675
961
712
137
473
166
982
658
523
246
437
232
275
426
55
728
720
291
830
995
860
707
752
91
684
394
690
249
230
657
25
366
327
75
946
663
899
669
104
99
311
431
931
43
91
885
308
716
483
748
402
902
746
653
477
470
791
314
134
328
730
498
14
528
214
630
211
379
926
925
755
571
487
447
343
543
100
624
132
530
657
340
814
981
723
887
371
355
756
738
908
588
134
308
670
921
131
623
912
104
720
84
607
473
206
322
37
787
28
474
235
221
720
89
865
410
948
247
585
979
721
434
159
568
401
170
562
962
854
356
146
564
177
867
447
134
729
956
607
375
835
602
476
727
396
105
379
439
833
813
230
809
229
108
121
294
289
453
796
41
732
555
428
290
40
473
931
985
72
813
659
907
900
982
690
606
365
831
59
411
294
941
261
846
996
215
33
866
656
414
956
384
517
756
670
752
268
734
596
980
908
858
856
689
450
113
759
25
226
548
584
22
241
544
612
167
936
25
305
282
15
39
301
155
457
924
410
754
657
528
119
272
713
742
206
682
237
990
934
991
709
123
968
846
319
626
581
729
437
935
929
521
343
136
215
825
630
331
287
77
704
429
826
132
166
248
603
714
474
325
403
840
136
16
159
94
907
63
459
414
883
30
146
870
134
686
899
779
531
681
769
369
725
622
449
127
801
971
615
926
15
13
118
968
135
521
889
634
354
633
420
325
431
903
364
502
706
432
319
175
910
489
133
284
229
52
133
537
903
262
528
480
780
856
860
823
599
277
785
257
479
302
651
339
34
711
318
307
756
725
404
55
857
704
690
881
529
839
703
31
660
417
632
515
443
530
565
134
900
13
712
196
310
757
736
901
714
494
488
971
165
621
490
706
142
585
261
256
615
928
162
592
561
109
763
346
359
805
891
399
351
551
381
889
76
181
290
71
89
736
763
306
57
222
14
273
799
828
910
442
270
4
457
686
47
85
93
924
745
15
45
621
918
56
201
995
455
295
844
826
147
178
357
824
100
275
467
613
963
945
916
545
438
640
488
684
408
98
169
534
109
779
849
292
178
538
379
667
65
632
979
605
268
884
975
573
64
12
585
411
960
881
4
140
846
714
360
541
934
99
204
755
935
970
65
629
537
603
277
60
205
74
706
105
501
551
223
213
627
250
796
539
640
902
821
908
864
59
901
713
314
675
617
658
610
932
962
59
688
452
10
105
849
634
105
333
88
76
280
344
431
732
919
662
968
710
664
531
631
373
413
330
286
734
824
267
605
954
142
955
325
136
300
521
892
485
205
903
239
366
807
85
385
721
105
106
856
826
457
832
422
376
685
625
535
450
275
257
909
989
609
621
102
53
581
83
641
246
119
581
152
406
117
907
225
849
41
963
254
214
981
167
261
218
252
600
845
444
746
912
704
618
90
526
849
699
348
139
558
511
429
86
294
567
586
708
315
207
388
452
485
155
345
69
794
134
900
950
496
231
881
326
300
279
607
794
29
673
760
377
253
633
818
134
920
173
320
143
706
694
484
531
833
376
724
134
408
354
429
239
912
898
978
860
315
731
299
931
454
924
497
839
727
757
955
743
852
316
71
204
440
607
286
757
379
425
325
168
594
257
661
322
567
53
32
846
106
771
491
820
247
255
856
192
868
101
626
771
500
914
399
49
107
490
567
393
87
294
625
575
569
783
695
15
127
6
23
537
445
213
16
950
50
69
107
239
190
489
124
723
136
28
90
81
647
228
366
774
146
302
839
2
144
84
422
20
852
212
459
316
458
99
790
901
489
377
98
691
830
130
876
793
421
428
820
276
414
389
677
913
547
213
656
228
841
437
278
99
247
955
163
149
798
172
628
84
887
44
100
182
787
655
330
165
180
401
69
763
470
822
405
365
932
616
212
305
261
398
256
494
961
292
314
286
80
596
317
723
222
290
919
531
420
398
89
558
422
818
289
655
152
497
552
331
671
553
316
952
706
209
165
602
935
238
738
220
560
925
940
92
341
444
241
267
187
926
294
28
619
446
314
123
869
608
671
27
204
389
932
197
39
457
137
897
800
202
446
886
66
325
443
997
423
943
239
387
640
822
258
11
226
513
30
731
163
908
559
286
627
944
905
265
811
982
386
104
532
683
427
119
180
38
459
517
691
582
421
381
669
718
350
625
462
520
288
11
12
312
203
426
528
866
936
722
624
30
219
620
346
202
685
356
666
110
380
983
371
17
739
491
992
579
128
214
327
305
68
294
386
736
978
354
75
257
811
867
749
665
293
186
847
491
531
592
152
353
676
219
906
516
936
232
903
232
723
149
882
356
898
790
55
195
92
930
351
548
882
373
0
421
122
816
431
936
123
581
61
569
466
23
418
958
151
157
260
148
476
876
768
376
512
911
642
145
284
575
946
631
789
178
842
217
840
961
933
260
254
295
793
20
343
906
420
85
771
875
733
478
814
211
988
95
773
861
928
81
766
134
787
224
441
627
770
506
207
938
524
465
396
621
152
143
442
74
776
4
533
316
293
331
394
889
923
334
833
455
412
379
424
985
228
509
242
864
919
687
868
602
867
19
983
323
29
528
760
666
917
938
878
248
957
310
478
365
612
317
547
202
110
394
264
398
389
0
571
475
937
761
862
267
509
296
961
240
334
128
733
238
297
223
553
44
782
292
571
856
277
239
145
636
619
798
103
149
741
669
504
374
100
238
382
881
536
261
570
743
172
737
50
497
111
564
462
701
108
458
305
644
92
73
138
891
414
184
524
376
941
329
799
953
683
295
782
445
470
414
385
438
281
706
732
292
253
535
770
99
48
583
572
622
212
639
491
536
411
904
63
692
922
252
118
466
576
182
836
692
417
972
612
123
704
911
447
841
529
326
256
528
235
557
906
90
46
914
31
645
767
165
662
545
229
49
507
675
153
880
249
3
470
314
619
987
728
976
82
223
119
750
914
446
815
178
120
806
782
599
118
137
940
374
363
827
606
795
121
741
391
10
412
587
355
664
735
68
57
743
570
110
289
490
808
500
688
178
188
282
159
926
557
345
992
737
252
738
832
406
206
363
236
984
415
897
332
32
282
955
250
988
953
755
353
601
170
791
0
506
379
332
497
730
764
854
145
94
662
891
807
263
322
173
223
422
301
306
346
402
873
744
394
393
711
223
884
258
758
392
892
862
640
872
965
756
179
571
588
24
610
677
894
90
824
376
343
800
581
33
423
173
944
241
43
769
326
882
177
766
456
112
486
477
231
962
108
225
935
64
531
185
501
872
499
79
587
641
163
363
987
310
321
843
550
416
391
518
111
133
961
798
124
517
135
148
610
113
622
649
768
132
513
906
71
501
913
266
984
245
193
279
483
806
431
949
404
108
708
360
275
400
361
908
705
191
909
518
563
825
379
889
188
640
954
38
583
943
396
156
115
462
503
48
524
306
923
259
162
976
19
299
246
362
107
275
576
258
345
608
592
392
700
475
888
595
964
44
275
299
516
603
284
204
592
160
566
626
150
204
972
708
31
843
245
439
1
704
148
144
437
601
544
947
880
165
413
479
398
346
54
993
735
929
725
917
507
999
822
788
292
574
256
473
322
476
104
528
624
882
724
597
876
873
500
761
960
762
74
823
159
917
444
641
246
307
582
717
212
3
272
448
259
448
754
623
762
375
338
989
301
874
596
953
550
277
906
788
756
173
112
39
758
131
784
157
58
384
133
788
202
71
923
560
842
392
813
649
203
380
468
880
312
876
399
649
283
670
957
466
131
728
116
499
117
852
668
111
338
154
273
16
377
218
317
308
106
888
928
385
400
216
590
439
355
215
715
996
826
704
230
766
519
737
683
862
623
780
649
347
992
90
235
886
154
487
288
271
47
31
530
464
201
961
197
826
255
601
927
190
107
850
570
483
699
310
339
659
440
51
181
834
505
516
574
624
840
99
973
852
485
459
27
18
971
765
253
102
929
629
316
582
717
684
222
793
823
416
699
113
55
74
815
785
28
234
388
584
249
867
72
946
218
550
98
634
275
821
509
468
596
526
419
191
657
419
214
44
683
198
885
227
95
630
647
12
714
398
802
894
567
851
353
867
419
855
224
560
810
586
79
750
240
157
629
476
331
686
995
806
246
536
189
106
371
216
13
535
306
645
692
346
476
262
413
516
288
787
487
155
584
246
259
131
321
273
48
347
788
570
314
170
417
862
992
542
194
643
436
450
973
466
660
537
517
626
687
810
946
561
606
600
346
443
599
142
738
12
590
436
217
885
355
296
73
223
924
838
924
871
824
30
396
832
269
260
711
183
705
350
590
383
226
842
268
237
224
892
41
650
331
611
687
715
122
207
332
590
280
891
777
117
912
93
107
77
512
150
424
551
605
346
890
884
462
807
877
330
404
558
890
604
116
743
143
188
75
841
77
430
690
519
883
188
962
607
75
12
546
570
490
631
885
788
640
817
683
852
231
537
379
117
771
681
407
722
648
516
7
348
736
512
27
41
591
84
708
553
544
314
668
755
576
762
419
872
654
984
560
465
356
503
427
331
957
578
391
727
877
269
183
636
299
974
577
105
20
836
551
36
115
142
538
205
799
132
711
668
919
437
348
223
920
672
185
987
715
636
327
739
859
914
724
172
598
636
452
768
871
608
10
644
91
17
665
323
599
433
405
50
993
905
431
996
170
509
223
375
777
839
149
308
971
596
239
27
829
563
256
825
482
35
411
56
58
948
126
310
851
766
46
862
652
492
111
400
107
970
864
30
42
67
323
571
180
165
707
173
327
877
998
390
127
822
839
908
722
808
548
307
237
805
83
344
796
607
648
501
922
219
255
716
547
591
947
518
539
466
617
37
590
826
261
719
579
586
333
899
0
961
338
782
866
198
136
804
591
160
550
769
671
602
686
658
672
833
102
508
926
865
344
291
553
90
612
298
915
953
332
151
352
133
152
176
135
225
498
542
873
996
110
283
212
861
166
29
605
359
456
38
40
36
788
904
115
351
271
163
566
902
368
825
372
544
633
795
856
709
896
22
795
584
203
186
379
609
243
689
54
136
117
754
646
988
256
440
910
100
25
486
628
360
19
973
622
282
381
946
617
169
501
295
728
957
319
385
419
47
72
163
209
28
734
725
61
352
599
606
333
708
392
403
418
43
100
655
722
926
183
335
405
229
185
670
412
899
858
510
667
935
739
884
951
551
853
954
906
910
587
47
814
733
36
87
273
558
112
297
682
428
490
706
470
277
32
643
349
384
666
115
481
808
832
674
318
871
514
148
94
381
555
396
345
486
435
86
616
741
936
300
495
231
148
731
447
368
94
60
461
266
828
134
420
453
263
480
215
56
109
731
72
448
276
574
250
847
791
895
252
256
780
903
969
654
369
155
722
386
400
549
982
212
708
583
676
623
338
359
375
578
480
115
320
44
102
334
212
323
200
791
929
436
378
292
816
511
965
184
51
446
220
189
612
900
237
516
756
6
77
715
575
64
276
214
87
883
344
58
548
366
65
907
142
383
432
959
988
989
821
131
429
556
565
432
915
448
454
229
408
451
789
783
90
294
552
208
390
244
907
812
730
935
758
562
191
307
312
316
267
775
625
302
203
522
954
276
968
107
296
711
805
429
892
364
415
455
622
567
254
1
172
636
164
309
542
845
481
124
999
551
98
433
844
143
449
107
417
692
260
200
640
354
979
762
980
813
217
642
164
311
207
903
135
94
212
151
729
436
85
300
285
741
675
25
953
628
582
433
758
290
845
309
589
900
492
585
152
270
554
607
569
528
20
113
785
77
466
820
100
693
545
947
216
213
285
993
913
901
230
646
60
248
734
713
17
652
378
571
576
149
335
761
548
142
704
985
740
842
274
939
566
976
927
163
789
152
888
280
895
171
348
817
448
482
554
79
353
923
316
396
315
872
31
426
980
929
752
96
131
318
513
202
88
228
130
635
900
463
954
712
261
848
588
101
94
67
440
396
627
743
63
463
398
855
637
333
15
785
631
533
736
647
613
444
835
804
441
475
538
880
556
615
791
940
917
147
476
914
185
170
757
812
133
870
136
741
883
377
432
239
524
420
363
989
833
947
609
548
336
321
234
329
699
701
160
692
485
751
890
691
646
856
88
702
733
630
701
889
700
615
234
223
328
702
485
562
785
12
498
127
543
677
754
535
916
186
665
475
746
766
207
994
383
550
185
317
937
141
942
107
928
519
506
86
894
178
122
948
208
766
801
605
342
514
49
884
94
171
203
935
819
256
880
775
569
927
872
590
120
902
458
637
276
474
515
864
517
782
976
634
992
229
189
275
125
106
446
534
571
266
499
375
114
911
206
7
133
428
519
442
640
490
920
392
543
532
63
793
685
119
814
813
455
624
120
737
196
134
101
774
466
464
583
407
196
692
832
615
159
702
588
986
765
773
641
440
68
413
90
79
71
240
105
431
863
944
504
228
833
23
690
637
271
271
518
833
902
751
515
642
539
290
416
976
856
384
397
742
451
751
526
909
772
680
897
488
207
765
619
199
589
542
357
754
684
80
