773
4958
3051
5200
8760
2038
2108
2653
9540
361
1920
9404
6793
1119
8843
6326
2611
7889
2563
7777
7190
9039
7365
6264
4141
9182
8037
6113
4143
4321
4606
7641
9887
1909
1095
1883
9502
107
3541
6051
4020
206
1627
1607
6785
2385
6445
67
9212
7771
4157
6478
7785
9100
1601
6869
1773
8201
5276
3957
9798
978
9547
4840
6080
9625
3384
5505
3951
7368
7543
9611
5073
3222
5644
3164
7668
2945
3350
2486
6056
7675
9507
184
6759
3565
1980
2687
3582
4148
8716
3383
5153
2127
1541
7375
3662
8844
6147
7436
2779
7726
6799
5889
6064
2725
8386
3798
4597
3944
1618
7145
3961
449
9425
9441
6301
4594
3878
1640
2682
3119
3349
3117
4686
7724
9027
2018
1828
1881
8403
9326
3196
1217
889
8621
7502
1978
7327
2701
5658
5801
864
8995
3926
9294
1332
7989
3715
3787
9156
2782
6185
3996
7604
3333
5950
4362
4152
5937
8372
8303
2725
7054
9236
8750
8597
740
3879
7992
6883
611
5289
1062
3689
521
7100
9685
6259
2961
7958
3167
4728
557
8301
8493
3473
3981
9239
4385
4459
9090
5916
3098
8481
7185
4537
9338
2735
4898
3021
7825
4783
4397
179
9772
3625
377
7254
3795
8351
7594
8672
8674
3626
1575
5933
3711
9143
5617
9740
7500
7078
9117
624
7357
7591
5929
7628
9839
7446
6478
7931
7380
948
4133
7679
7327
5572
4537
5753
7423
6868
6431
7715
6142
8563
3875
6771
7180
4116
2731
2198
4886
5414
8734
3426
1440
2781
589
9706
7189
8027
9115
1136
2702
8871
2685
6713
4843
8738
9932
9021
9412
687
3027
3197
9793
7999
8693
9890
4411
6843
9582
8066
5808
8338
5624
3738
656
8330
3522
4924
3141
3243
2713
1532
3781
9490
7785
1182
2010
2079
594
8520
3576
5303
153
6012
3219
4703
4729
8843
8946
4844
8524
5170
6725
1875
4829
5682
3432
3324
8590
3176
1497
135
3963
3729
849
7568
6617
5874
2461
2238
6300
3215
3125
2333
2504
8870
2869
6820
4918
7259
4905
7341
836
9864
2906
3395
3644
6807
1989
7410
119
5374
7851
1341
9360
9900
3175
564
2890
4874
1627
3983
3713
4545
7586
1515
1898
7833
4038
1434
5694
6940
2035
381
55
1688
2536
8302
9012
9313
5516
9045
4352
1236
1819
4908
718
4122
370
21
6425
2468
7101
3150
24
3895
2228
5214
4989
6345
9349
634
8759
8452
3260
4465
7805
528
3331
9221
7410
3764
5843
6251
3401
9566
1779
6606
3194
9224
6184
5430
5231
6555
1500
2078
9098
2569
9986
5420
3467
1768
9742
75
5351
4224
4728
4674
2124
6273
1648
7691
7249
5318
5618
9862
1708
1042
2104
4744
5798
6136
4801
618
84
4554
7824
7552
112
4256
5886
3252
6762
4413
7961
47
3009
4143
8360
3296
8300
974
4097
8354
3759
2440
8974
9281
4997
3493
2904
7483
4417
5726
9643
2617
1612
1812
7320
1243
8701
4
3965
959
7255
9076
4538
9035
4846
3651
6903
4953
2193
3500
1652
5642
6389
8126
4709
731
1729
9687
2257
2650
7329
3157
4664
3045
9871
2512
9841
2642
599
5688
6700
6424
7976
9068
6280
9789
1309
4338
1472
4229
6075
6700
6261
2968
8695
3626
1959
8004
7057
7613
946
54
3220
4722
8155
1984
6426
3081
6709
4507
7781
1985
6927
163
2814
2750
7258
7881
4454
7040
1603
5796
6951
7058
9960
4415
733
4660
8368
5716
9281
3263
9699
6301
1706
7198
9037
4352
8932
8099
6077
794
7110
6840
2270
4829
9221
2565
2290
2777
4709
7434
7803
7040
7394
6851
6483
8928
3954
141
767
5058
8805
5914
8921
2106
6345
9685
5662
8785
8214
8707
787
7105
1471
440
2058
7214
3415
6573
2927
1396
143
4133
6595
3190
8875
8811
5371
6999
8593
3397
8343
2047
9589
5917
933
2109
158
7958
7111
9012
7845
3516
8733
3623
3422
2683
6756
2750
8088
2484
5944
4178
8234
9282
8069
4944
7591
3279
8588
9859
3564
5890
8317
8280
3107
4974
4707
7190
3646
1307
6997
7730
6228
2012
5726
550
1334
3149
9884
2509
2610
4189
4320
3644
134
1655
5932
8594
2796
7865
9629
1167
8854
3435
4115
4184
4801
8923
3104
9280
5307
1889
9757
2986
1176
468
848
6049
8030
3571
2442
2712
5732
794
730
5468
7442
2249
54
8658
7632
9607
5131
1202
411
4925
6043
4768
3035
3023
2608
8682
4654
6566
9457
7048
6992
351
4319
6684
1932
2806
9834
6721
794
8157
3527
2033
1464
2381
1519
3000
2458
9627
8989
3547
7540
3549
4460
7877
550
9737
5563
3878
7733
1256
1085
7787
4049
9230
7859
358
701
4305
1295
9549
3430
2914
5232
8500
4990
4283
172
465
680
291
8959
4284
2795
513
5454
4942
8422
9010
4911
3851
5139
7780
4357
2549
869
4181
7543
1752
7384
6084
1809
4860
1771
9020
3516
1373
6551
4197
4671
999
7081
4866
5777
3678
4372
1261
9012
4234
2514
1062
1427
2891
2535
3201
8
4537
8704
7703
9170
265
9048
3195
6535
4468
9150
6776
4690
9562
7195
7972
5032
8278
8654
9682
4769
372
1001
4196
9699
6611
2433
1661
3455
7916
3669
1678
8598
1685
8617
6118
6117
455
7931
2696
7733
341
9310
4364
9691
7947
9751
9160
7679
4838
7926
8782
9957
8074
9336
1898
9825
3777
2983
9912
9145
8286
5894
8804
1804
8035
1061
484
9707
4976
5082
1122
4187
9105
4107
1885
2567
3442
598
9610
2997
9699
8794
1090
678
4745
3854
4849
5127
9029
8122
8541
1189
8113
8180
8457
6227
7616
7959
1
2066
20
6499
4457
3127
9041
3715
7884
1464
3564
3928
2564
5372
8490
4854
62
688
4289
9240
7652
2935
510
7417
6673
4058
1080
1637
2145
9681
818
7283
7922
1486
3252
1780
602
4654
9592
9332
8388
2110
7489
8522
8256
5749
6082
226
5846
9780
746
5286
7751
2851
6962
4997
5122
3736
7753
2529
848
0
3271
138
9958
286
4256
5258
4347
8664
3362
8382
8439
3806
9627
7011
2001
6676
1710
2890
9944
7889
4977
4279
6651
9922
5977
1011
4166
9961
5397
7796
9368
6334
7221
337
5188
5173
7468
9648
4845
4272
620
2227
6128
7908
5677
7643
4799
9853
6600
516
2364
1710
3855
896
3641
312
4750
5582
3838
956
288
3066
3174
2946
5409
6485
9465
105
7621
2187
5576
1734
6299
6364
9125
8818
1197
8556
6423
6182
4099
8788
1282
3802
1955
4597
2012
9476
3329
5258
6707
669
2531
3175
7745
5514
7443
6557
1328
1648
7680
3280
6823
6875
9500
3135
3715
7464
2665
4541
1020
8315
2299
2242
5202
4207
5743
4515
7782
2837
368
1977
3156
8507
3372
5188
419
9926
8682
4979
407
6843
9284
7638
641
8008
5495
6932
6329
7290
1049
6313
5204
5704
9168
7589
7607
4554
266
6852
911
8956
1382
4510
9174
1575
5012
3909
4735
3584
1608
2208
8333
3564
5684
7924
8328
5360
226
1899
7580
2746
7863
2274
8654
2148
171
9551
4127
4675
8339
4767
9025
5207
9491
2425
6631
9410
2924
9907
7283
9199
9702
6811
2145
3379
7185
895
394
2996
7308
2140
8795
265
3741
2786
7206
5844
8401
9186
2189
1718
2240
774
3639
5952
8682
2539
6066
1217
664
28
7048
1089
3825
46
199
6914
9081
6043
9034
3244
7534
4422
1046
1759
9492
6933
8452
1934
7206
4723
3179
1750
7893
1630
8871
3215
9553
7873
1971
5608
7189
413
7252
3982
1094
2943
576
1710
2099
6739
3099
3616
873
3383
6687
599
9673
1795
9836
7554
5315
4887
7099
3878
1560
5730
2670
9853
7569
9105
569
2836
6670
2018
9707
4311
6256
5883
1989
2591
5337
3876
5565
6233
974
9235
3384
103
8646
4207
9246
9385
4464
4734
9727
6855
9033
3001
531
5231
3813
8531
101
9532
804
8630
1655
4015
5568
677
7194
4517
1701
2009
3503
9750
2164
7967
649
4525
9150
5037
8113
3698
9524
3977
2273
8192
7321
7289
1721
3400
8236
6513
3612
5941
3634
7386
5114
6837
3174
5148
8896
7951
5848
8002
551
3779
8959
4054
8877
2536
3358
5945
7007
8907
1130
7817
3539
5769
8837
1258
7994
3764
5413
439
4226
5661
8857
1787
8728
7122
9978
210
8158
6721
4624
2166
1887
5811
8056
5661
871
3217
6446
8655
3729
614
802
277
4575
1949
8092
3778
4815
4259
2792
6177
2937
7873
9644
7220
2106
1117
5027
9449
5307
8377
1
1905
1696
645
2841
2348
5885
4538
2658
6720
3913
9161
8580
27
5839
186
884
9822
5081
7024
1446
2027
8888
2086
950
8974
2677
771
9382
1202
3346
7054
4522
7855
3140
2304
388
5271
6148
4350
3865
9791
4113
9678
3144
8714
6856
4139
5984
2852
5342
6576
9327
5183
2157
5364
4333
2755
5024
31
2500
3137
3861
8836
9236
2531
835
8466
963
9896
5905
3869
638
387
7407
4629
4445
1799
8373
9281
9328
9718
4518
484
7016
680
9036
2072
5264
7707
2741
3643
1107
9336
5426
9615
4139
1466
5813
7386
25
1194
2945
3664
5804
3158
1488
8865
8830
1877
7021
7010
705
8049
5124
2543
5974
2854
9820
6102
2944
1929
2771
8449
579
9868
4517
5450
1111
6855
3001
7316
2728
1353
2636
2139
516
6654
9261
7171
6670
4517
2470
1266
2950
6143
6989
8445
9299
9297
9084
5619
2618
492
2254
7188
8814
2880
8914
5435
9361
3698
1185
8435
923
9982
4458
6526
2814
7595
1940
4313
2486
6582
7088
7634
3629
5361
3477
3958
4970
7308
8472
292
390
5955
7875
4793
2612
9165
3613
7052
3361
8442
5486
7265
2659
6813
1037
6365
8693
7635
4641
7592
7577
7070
8103
4960
9230
5020
205
5595
1607
2854
1974
1030
535
1385
7707
7191
6553
9252
9235
4039
3288
122
2326
3604
4187
6909
9677
9493
5666
2633
4480
1886
5147
434
2254
9465
1854
9787
6270
3791
6717
2021
3716
2220
5318
5873
5556
2601
4371
2981
2930
6750
7964
4008
6904
9943
4460
8369
6394
532
8824
4419
1166
7203
7931
2419
2955
1348
8401
9568
7962
8575
7451
4971
8238
6464
7302
2554
7810
5333
2834
1582
1790
5011
292
7743
3159
3392
2137
2529
2449
1873
9409
5059
100
8731
8321
8390
9952
3907
2266
1903
4993
7744
3850
2395
3280
1814
4170
9121
2782
2088
8117
2260
8753
3490
5200
9987
6250
104
5083
6675
3380
7163
5871
3628
7969
9384
998
4159
1479
5142
7519
6860
9208
7539
4602
4470
5064
1508
6032
846
2557
754
4684
5271
1016
9552
78
1560
7521
2199
2371
9240
539
7290
7438
5474
843
4850
8051
9320
8920
1872
5603
4422
5815
5814
5293
2313
6076
6207
5247
6093
7336
1710
6660
3503
936
3621
7717
9086
1970
7188
8785
7513
5121
8873
174
3985
4767
1144
6611
3077
3962
6345
4519
4388
7100
7716
9157
1937
5354
8733
8731
4343
2285
1618
1712
4558
9448
2045
1750
1134
8226
9895
1823
7845
4697
5244
5550
4860
8861
4653
8974
2572
8258
5348
516
8757
8650
3854
328
705
1263
1302
2773
6703
6877
9727
7422
5328
1963
2452
4591
6857
1015
6883
1195
8352
2251
9937
1506
2871
915
4687
5230
3721
5584
1817
2282
6625
8072
976
9595
6288
6788
5261
353
8930
6740
6670
169
9079
6783
1617
7873
7143
6132
3377
830
4119
7712
2674
6013
1138
5481
8527
8388
4534
6495
8953
7631
1579
6217
5139
2650
8114
7309
3328
952
6946
8002
5763
6501
5030
6008
5819
5390
8251
7910
2687
3375
4909
1984
7851
3142
2890
4474
8974
2006
958
5486
6829
2696
1586
895
7389
845
1330
889
4324
2870
4856
4137
6803
7015
432
8941
3703
8533
7954
9194
8135
7195
5365
3484
5523
1623
5736
263
4396
314
5194
648
1505
3613
1388
3102
1927
4438
3252
1054
411
8037
5464
5310
2369
2732
5150
8002
1645
4234
4185
3811
7473
5880
7715
7169
4893
5917
8432
1271
1282
843
6538
5828
6635
717
7392
5737
6789
8348
2323
2081
6828
9331
3293
224
6619
3976
8739
7130
1607
5402
6175
1537
9813
243
6981
6078
297
9771
147
67
9283
9554
4705
5286
7582
5226
5067
4823
7018
409
9565
6775
4130
388
103
463
6589
1750
31
2694
1505
3863
8102
5573
5046
2825
8678
5357
9689
2291
2234
3964
8770
8461
5659
854
8028
8435
8833
3231
337
2117
2541
6757
2917
7923
2905
7342
5992
1611
9208
6904
8064
5799
5227
2511
5772
4893
9023
8795
5630
6501
2493
8112
874
5761
9945
1594
9084
3400
4452
6893
5323
1888
1799
5244
1081
6536
4482
1249
1517
51
2386
3712
2185
9691
2539
4809
1714
5944
7640
7859
8772
411
1943
1099
41
8458
3522
5954
905
9133
3927
3532
2082
802
9838
2336
3532
6036
6404
3492
1629
3371
8694
7230
6804
6754
5899
5758
6653
5711
2764
3226
3845
577
4088
3041
9078
7493
1085
6430
6796
7288
2888
3877
5421
864
2556
2793
4442
1247
4549
644
7864
9058
9854
2627
7250
3878
5681
6954
7842
8656
8946
8815
8145
8171
6682
6180
6704
5371
1902
6724
9829
1351
489
5385
524
5750
3209
6327
1976
4327
7117
1392
8634
9665
2264
9548
4112
9068
2915
8270
7938
980
7259
8321
2517
7542
5999
7981
7594
6284
8143
1396
1951
8333
1796
8462
1125
4059
8863
377
5532
9580
5149
5878
5519
9181
1571
8015
8598
9384
7930
325
9419
121
8002
4250
4846
7280
3604
6726
4936
8742
5707
8032
5593
2951
2686
5182
178
5069
9352
5397
5477
776
5546
7546
2071
1918
9760
6836
396
1379
1496
9457
1514
6758
5906
9449
6036
3783
5612
9609
5469
698
7555
1893
7789
4327
7233
512
3040
6985
8730
2635
5378
957
6584
7491
5111
3880
4725
4518
8033
4038
8466
5189
9621
9311
7840
1142
8507
7319
4463
3335
7044
7177
9538
3080
6779
5173
7605
6028
3135
7692
9229
4424
6747
4757
5932
1300
8526
6641
2357
2669
1741
4221
3920
205
7236
943
3012
7460
7170
592
3189
7211
8663
400
8731
6188
1126
3478
6454
6139
133
8008
7713
6954
6272
3216
1173
8401
9571
3725
1121
1910
8817
4597
1808
2817
371
9065
5679
6478
2920
9805
2175
8747
3031
2412
4257
2465
1324
6703
1813
6803
623
7436
4632
5566
5551
1093
2817
3907
7666
9483
9132
283
1481
4088
6088
1940
4485
7334
350
7747
8623
8227
8434
1747
1609
211
622
4473
3911
8467
4480
6755
1287
2414
5480
2529
3336
6682
9821
2964
5696
465
3744
4157
7241
808
4377
4557
3902
157
9489
6325
7598
2255
7374
6907
2155
3372
3544
3241
8080
7736
7920
1223
4573
7068
4744
7324
261
4125
7606
7592
3808
9303
3621
1638
1753
7499
4084
5693
3738
9693
3725
9312
4606
9980
7058
4911
8779
4176
8281
7930
4791
514
651
8147
6870
6464
2368
9429
6086
8226
8576
6037
5711
1083
3323
8479
4182
9474
1060
885
4322
5355
4552
4883
9335
2250
4982
2026
4490
235
463
7985
8380
4033
1142
6903
9180
2363
2701
3600
9426
1767
5131
4612
7476
2227
383
6483
5065
5056
737
1156
8124
5811
9537
3823
2390
6234
7336
8197
6245
9622
9422
7795
673
3441
5199
9526
295
1467
5953
7657
9994
5324
5191
2042
8833
1864
4890
4416
6669
8514
1772
479
9174
3486
24
3557
3774
1490
770
7644
2495
8496
4023
3854
7595
990
5863
4423
2465
6173
2153
2763
3331
9578
210
6316
6968
5712
1565
1412
5857
5508
2187
5753
4989
1565
1341
4683
3877
8526
6671
1958
3239
1226
990
4415
8285
7731
5801
2601
9580
7831
7602
6213
8048
128
5692
4025
2828
2454
4346
2884
9444
1024
8016
9273
997
3495
5502
10
6964
9866
7918
5694
2569
3025
5741
1652
6702
7696
2198
6385
7837
2485
3830
6710
5558
4814
4213
2214
9913
2611
3462
8931
2062
9815
4444
3696
7459
4986
6413
6086
7156
3614
8160
4469
3721
5072
5716
6317
5742
4594
4149
636
8917
9134
9047
2156
2316
3521
935
2723
5580
9925
5019
5246
6522
9342
9449
9521
8895
8513
7579
7235
6924
9517
3577
5560
6620
2137
6206
4894
3844
996
2553
6477
5657
481
2103
9930
4553
499
1626
9034
4838
5231
3078
6522
6671
5211
9950
5050
6003
317
2307
2085
8069
7533
7153
994
7935
2715
8684
9264
4105
28
2507
7511
227
6184
8939
9670
5511
9180
3173
5620
6651
2836
4233
2366
2758
9112
443
8864
90
9912
6413
2609
5210
8893
5437
3148
3622
1647
1637
8861
5890
9557
8193
8540
4800
8608
1545
8563
5183
9485
6606
9787
2731
9397
4693
5701
9294
9262
4147
4794
9992
2080
3424
5651
1772
9664
7816
2842
3976
5247
3892
5325
8945
8882
277
6789
4728
1080
9414
9121
2549
7644
2613
6019
8842
5296
9863
3678
5409
3342
6646
9388
1495
1376
2287
6962
8471
6818
8282
9938
1181
8935
450
9669
4
7926
5798
5625
4216
8635
3496
9467
306
8510
9553
2828
8598
8518
6422
1083
7721
3935
2033
1886
9265
9132
7571
7735
4300
6792
9695
6432
9353
7356
815
1930
1906
8919
561
777
4495
1276
2655
6122
2114
372
3983
2096
9759
1027
6905
6246
5692
6469
1548
6688
1268
2957
2172
3636
15
6554
558
2054
7096
7011
9821
3331
5201
594
4031
9057
4496
9717
2623
9280
2324
2268
3666
920
3032
7644
6780
9446
9490
9655
4727
8325
5692
8736
2521
6336
4124
7169
4278
2359
2547
1386
966
938
2266
4875
6722
9584
4023
3642
7455
597
8221
3805
3094
5964
3370
7424
4032
3824
352
8423
3040
8930
377
5139
6287
7547
1370
9861
935
9326
923
8575
2242
4817
3913
6062
95
7500
9430
2455
3484
3476
4754
7466
1506
297
3771
7532
1240
8789
3443
9368
6034
8210
4732
616
2582
5555
3720
4578
1554
4451
4577
1409
4461
7695
8502
2526
8947
192
1790
8530
5778
5843
1777
3432
3402
2741
1574
9621
160
5925
3220
8685
9978
5915
4165
2903
4666
4250
3849
1060
4867
4347
5537
80
2091
7116
3551
896
6303
6014
7573
2965
7092
5437
3784
6889
1562
9722
7263
8709
8802
7400
1291
2610
9003
6808
7001
1023
5153
4665
1128
2397
6582
8835
563
7275
6580
101
9849
2749
810
5509
1818
3833
9324
7589
2145
7849
2567
9606
5759
4553
1012
6876
6778
356
8746
8139
3910
9788
3716
9001
110
1099
1155
1542
8691
5795
2191
304
8066
3799
6632
5126
3807
6933
7472
5509
9842
3461
4811
9556
227
5531
8550
2914
9178
9559
2492
9612
9830
6798
7292
7170
1515
7656
6049
2997
1285
8685
4329
7670
7865
5585
5836
3442
5238
9047
6088
3064
8706
2825
9023
4866
8366
5014
5674
4886
3722
4212
9818
5858
8389
1950
2784
5818
5718
1609
8511
6226
4584
1864
372
598
9513
9663
3291
9883
901
3683
8232
67
9152
4308
1281
816
1216
249
6216
1378
9242
5107
7732
1405
8830
9433
2273
9868
8736
5105
4833
4848
4751
9248
3003
593
7993
4297
4058
5948
1849
9337
6927
55
2418
5360
8532
7013
4451
3727
3165
1105
8524
2774
4321
8149
5437
2233
716
6544
712
8972
2121
3670
5421
377
6036
9427
9614
3642
3283
8922
1076
236
9117
576
5300
4823
6611
4239
2181
7070
746
6313
1177
2918
4886
5323
9456
9133
6155
1913
6901
1274
2565
1784
7753
544
2750
8799
1124
9441
8588
8105
1686
9597
2118
5971
7387
7751
754
3795
3249
7400
8997
8690
8991
4363
595
1972
3517
4220
2420
9910
1161
8383
204
8161
2974
3422
6717
2489
1319
5207
4966
3528
7568
5374
2577
2656
797
2723
8620
9346
31
6220
856
7774
3798
9489
9614
1919
8563
8881
4337
3878
1933
8536
195
9748
7434
6189
5132
1020
5158
2920
2172
7174
6574
8514
7924
6907
2419
1655
5805
1269
9734
790
1734
1863
7833
7170
759
1237
3272
6308
5429
598
732
7908
579
2064
148
7156
4644
8814
370
2210
4616
6699
6188
3704
327
5142
8640
2117
3862
3499
8196
8005
1600
1418
6599
8216
9634
8221
5978
8499
8126
6820
3131
9169
6551
2295
2849
5894
9686
3853
6568
2052
3756
1654
1700
2628
3152
6704
2591
2148
819
2871
6183
770
9559
4978
4224
3312
7273
5858
9097
5760
6466
8302
2249
2552
7224
4888
2538
5861
3305
9831
6860
4950
2989
2206
6885
9716
9911
9147
3875
7567
4194
971
8191
6877
931
7562
1322
3456
1285
6797
6053
8708
1300
1337
4735
9418
4901
9650
6529
9530
490
820
1961
3630
5047
355
7170
397
5723
6014
809
1790
6515
8476
3740
384
6834
1581
5360
2900
9496
823
697
2772
8000
6791
9258
8319
6840
2343
0
6013
4007
8423
6802
230
1886
3659
5312
1850
1263
7125
5158
8147
3335
2004
1177
5490
6262
245
3512
4588
6091
4821
9235
5196
6664
6634
7488
3561
9520
7777
6041
1191
2723
1434
9643
7986
7078
1452
9571
6259
9226
1359
9372
4689
3754
3457
3975
2915
665
3473
8027
8096
256
5254
4649
4538
4818
2974
7587
6273
5412
5409
8204
338
2441
7997
3685
5425
710
3566
4383
6558
3271
1935
6321
1510
3431
1870
9526
8772
1030
6296
4086
74
7322
3129
3624
2675
2621
9587
195
7966
2246
7437
5551
3253
9227
260
1178
3053
6768
1551
3536
4693
9486
4199
1534
558
106
7754
448
5947
7461
9772
164
7180
2406
1469
5967
9306
576
5957
6912
6603
4776
9394
203
1880
5243
1540
39
2542
3036
2398
5840
2364
338
5901
7933
7949
1616
9940
8379
7978
1257
4389
891
1526
6555
5285
6537
8950
9729
3802
1289
5159
9049
3249
7389
441
7073
5976
2954
8425
3485
4754
3305
4284
1127
9987
3068
8783
6411
4930
275
5426
9498
5976
2417
8611
5389
4045
9663
448
4373
6112
2314
2687
9175
2998
7993
8059
6558
689
8998
2280
3168
7650
1813
3927
8945
9874
8858
4459
6574
8738
7212
4758
2116
4110
269
7765
241
6645
6071
8972
7262
8679
394
7882
6590
2759
3608
3887
4121
438
7742
9423
5609
1715
4290
1783
4129
7239
3824
2485
3338
1239
5683
9721
1484
3026
9714
5088
1802
8880
2308
517
7306
4134
5848
5148
1827
7373
4078
4736
4600
4784
5865
8097
2702
2904
6384
6107
4215
2299
7825
8798
5104
3012
1398
5219
4489
5022
8619
8886
6262
3415
2664
8910
9780
8475
9886
3159
8783
5495
7550
5198
5579
7741
6263
1158
7095
8710
4634
6171
396
6593
9298
2577
7955
4686
5581
3691
7118
6369
2816
7615
3955
2256
3597
5310
9033
107
8100
5924
1484
5192
3026
277
8217
9940
9667
270
7091
6892
7148
8021
6474
8271
4987
3555
8680
8788
3769
3986
1532
5720
3960
318
498
1719
659
208
3685
1367
6452
6354
3358
2035
5406
513
574
3282
8746
2589
4034
6692
6774
2722
316
9870
2189
1835
284
4088
7115
2743
5653
5018
9888
9563
437
9903
7913
7933
4339
2565
9754
2325
8996
9703
3041
9611
3451
8102
4725
9957
2206
2558
6777
7114
7812
8603
3482
206
14
2441
6180
8265
5237
2901
7489
6887
3387
6657
9866
3649
3783
8511
2661
5240
8426
3067
7778
4567
8708
2822
6492
590
1217
361
9007
7062
9325
9139
3966
8953
9868
8139
7236
6898
8460
615
8056
730
2676
6057
5885
2862
9697
7554
3151
1098
3874
3798
7516
8296
103
6112
2213
3263
899
6120
4581
3212
8649
8887
997
3179
9620
9751
1066
1906
2995
420
5153
6879
6488
1370
7124
3419
9853
3111
8518
4055
9038
8452
1245
4757
6620
1549
3439
4008
8697
7220
7048
9238
4466
5779
6426
2610
2331
4472
4260
4850
5592
6497
4972
1406
1503
2528
5951
8
9828
7698
3852
2491
851
9072
6604
6581
8295
4771
1721
5297
9563
6134
8071
2595
4296
8554
1331
3918
2374
4968
3013
9465
4158
8359
9200
6105
9044
6100
7865
1165
3203
9473
3032
7570
3751
6285
9922
5199
4553
3141
7719
7733
8349
6642
5596
7773
957
9540
3259
5530
5944
8720
9429
8033
2340
6755
376
6435
3715
7758
5926
8772
4269
1256
2204
4311
6446
4890
8773
3467
5031
7899
2817
4240
4699
2554
4525
2048
1516
9940
5957
4945
4080
9874
314
266
6601
2084
9753
1958
4545
7255
7675
63
3235
2075
5775
5147
1185
1961
7023
796
2914
8827
3229
6751
439
8929
9893
3733
8748
7609
1611
8546
8182
3581
8479
4679
5803
5297
7659
9277
8634
5888
4558
2118
3929
1189
4896
5991
5524
7441
2375
773
761
1400
6613
5402
9474
5797
2542
2933
5089
7346
5584
3919
8028
2848
6534
2466
3285
1311
6361
7480
7289
6472
3854
8877
4007
4626
8448
4803
6592
7235
6425
1295
8837
6451
1183
214
178
4378
7291
4791
9088
3668
3646
4663
2292
7878
3195
3882
1446
4912
5424
6073
4673
5814
3094
628
7655
4218
6530
2650
7863
8809
7204
7192
5942
2323
7320
5289
287
5805
3614
5247
4371
6102
1720
7705
1561
7923
2072
7114
8821
9167
9572
5424
8945
9678
6987
6022
797
9130
6441
7275
8416
9284
4231
5355
2744
9533
1683
5498
4293
2341
8811
9284
1085
6960
8108
3117
3853
5623
2979
9663
9665
6330
9051
9701
5899
257
6842
6566
8796
9894
1174
9157
4711
6033
6059
2362
7603
7926
3819
5666
3331
1106
3684
1685
9861
1628
8235
6429
2634
3856
5724
2216
6030
1252
2488
2314
5115
6149
2496
3630
6664
4945
394
79
4851
9773
328
4605
4908
6335
5278
2269
7581
289
707
281
8267
1349
1882
3442
7337
5080
6413
5028
2347
7287
2256
3848
8592
4821
6732
7943
1763
9652
3932
4190
5353
166
6309
920
5904
4737
1219
7615
1152
7878
4705
1704
9761
8500
2923
7546
6378
3182
6245
6796
2506
4703
2331
2509
1899
7581
2209
1604
9011
7850
7765
1573
413
3911
9956
7710
2019
8917
4526
6542
9480
2873
6026
9640
5149
4384
1560
9531
2675
7824
2815
6036
9435
1588
8657
7062
7811
7054
881
2576
8590
5878
2505
4305
3673
5341
1454
6572
701
7618
2418
5600
9216
9012
6211
5582
6538
9507
9063
9902
1663
1284
3910
4960
7180
7257
2006
2268
2455
7146
5923
1692
6146
9106
4386
5023
2492
9520
5266
4428
3742
2206
5558
4746
624
988
6175
2078
3793
6363
5002
3696
1816
7808
3809
5855
5487
8164
3336
6825
3952
5517
6154
2154
5501
972
8750
7991
4712
7835
2686
6149
8109
8824
9669
1530
2469
3171
6873
8487
3488
4718
6985
7794
7660
5451
2081
9957
6881
6309
1659
3807
3561
8554
2962
1539
3849
4516
6031
2661
7923
6096
6884
9682
9280
3055
9640
7786
9411
832
2480
9226
368
9392
2896
735
5294
425
4883
8830
6244
143
4398
3606
9318
8839
9726
6297
9469
6410
245
9738
1236
5127
455
3676
7064
7072
6142
8821
1900
3859
6061
4530
1296
543
5629
5033
403
3943
8764
8243
2899
7980
247
9367
2181
5120
3741
8756
1927
3492
9974
9749
9544
3868
5472
7612
3940
9307
4736
5104
8563
2977
7749
3695
1717
6449
325
1989
8783
1566
6955
4544
5188
3905
4537
4930
4674
4784
644
6621
4780
1802
1852
4099
295
4963
6028
4427
5882
6598
7485
6458
1103
8474
5413
837
4603
8793
4109
9008
9352
5049
8176
3541
7549
6178
7093
5271
2024
8824
1333
4980
785
8113
6554
8643
2758
2864
3292
5644
5691
8856
7068
8745
1688
1420
7837
3139
1917
446
8326
9411
9669
6687
7930
1878
104
8148
2597
9439
5812
9314
1394
800
9596
3963
7280
9748
9789
4419
3053
8995
8827
6219
3386
3059
2843
7382
391
1606
8563
5749
3277
4749
3954
6158
2304
908
730
1658
3452
5994
107
9374
3025
9937
7981
2190
740
2855
2099
1973
5771
8552
1732
8711
2681
7415
9844
2654
3205
4315
8843
3295
5455
9621
3604
9871
4268
3076
9647
2952
5138
952
116
5647
9458
6629
2515
5967
643
3548
5025
8961
9123
7350
2669
8400
9139
936
5611
2970
1845
2170
5411
1217
7282
8986
210
2812
2471
791
6491
1086
4077
8218
3319
3266
1884
5505
4795
330
3685
1113
7793
8006
3057
2517
5047
4058
9007
546
8099
4728
484
7150
728
4966
9346
7977
1075
2888
2544
7808
9900
8836
7992
2530
3121
3325
8878
6083
9136
6216
8030
4609
5287
1512
7335
2900
3251
8314
7202
158
194
8712
7577
3063
1019
7597
5135
4215
7232
7775
895
3097
9590
6104
8772
4897
4983
2850
8320
9775
2786
6994
4300
1427
2317
4760
1587
9193
974
7321
6422
2360
2100
6309
4037
8798
2727
2551
8277
2629
3961
4261
1011
7230
939
5827
7830
539
5077
7272
1821
9385
8621
7499
9060
8356
389
1508
7856
6561
2047
2905
8761
2612
6235
8233
3904
4076
1467
8939
2272
2760
3809
93
2254
1249
2062
2388
3965
9323
1418
5392
1646
1116
358
5563
807
5149
6968
2081
5648
9770
3766
7229
9816
5927
4625
5744
7524
7705
3481
9326
2732
8588
2101
8324
1162
8049
3396
2519
3724
8709
7513
6859
138
9065
255
6054
8450
585
7248
3969
9483
811
2726
9948
5297
6069
8793
4369
7219
8327
9596
11
2114
834
4967
4157
5247
6252
9776
8714
4263
9183
8501
2135
1643
2234
9320
7401
2305
1036
8420
4923
8939
9031
3150
7871
146
7233
2155
123
5462
7674
1676
3816
6961
1785
9851
4290
9293
6584
5018
5134
8708
2201
9797
4968
6930
4023
13
634
7573
1530
6438
8552
1206
3756
7717
7116
141
8243
4910
8231
5551
6317
1579
5360
7632
2601
8534
8764
4157
754
8998
6018
4018
626
8231
7361
121
4238
1453
913
334
9314
5289
2415
6133
9421
895
7767
6009
9237
1433
4344
4785
1923
2610
8854
545
3135
2650
5308
8065
2829
7233
6589
1344
1667
5698
7048
8107
3591
7120
1565
6026
9923
8757
8621
3774
3195
4768
1038
41
857
169
8267
134
9998
3478
8373
2908
4242
1703
6182
414
3111
2959
6463
8891
2321
5291
7457
2481
701
5066
614
436
5740
4694
6921
4441
5107
7370
8924
5197
5938
6025
172
6415
7150
4751
647
9959
2599
3583
7529
8068
4516
1712
5555
7279
7311
9952
187
3953
1598
613
9814
3186
7061
1787
307
1250
677
3510
6365
6724
3700
5260
9324
6965
6831
7808
340
4698
8015
7589
1213
4158
1447
8409
2493
7408
9525
3609
9973
9280
1722
1563
6185
3717
5661
8823
3103
5173
6038
8108
5902
6262
6435
2883
5301
6814
7596
6301
7835
130
3246
9941
9169
9381
1175
6929
5520
812
2956
4822
2165
688
428
5903
6044
9777
860
6460
1568
2582
5569
2020
4832
8459
8697
2540
1713
8364
3851
101
9517
3994
6315
1799
250
5799
7715
2189
5906
2529
8141
2923
2688
7792
7988
2006
1541
8410
8083
1491
6983
5302
2013
370
4874
79
8991
8910
2422
9555
9106
1761
557
6006
5317
9783
9569
3136
8201
4727
3853
6455
101
6660
523
2028
5089
1340
9686
9434
9928
3616
1255
3159
9114
3382
4318
1617
3965
2597
266
4544
1728
5466
190
7588
5742
8989
346
7581
1765
7783
6908
3210
8782
5341
2671
3569
4839
3672
3889
1437
9727
4705
5006
9026
6738
9706
2691
1407
5094
7521
8278
6879
3192
8491
9509
4113
285
8504
8257
3082
912
6878
865
496
1990
2472
1624
752
7268
4774
7991
258
7617
569
8174
6376
8499
2251
7910
2235
7878
813
3406
5168
8832
5153
1735
9633
1161
9428
8274
5147
5400
1892
3179
5961
834
1906
5342
2005
6329
6624
2794
9975
9096
5227
3104
9329
1890
6515
5943
452
3521
5205
2733
1259
1096
3271
5011
4121
4920
5390
4015
7144
8614
1647
8871
2559
7667
6478
9714
263
9400
118
5101
6388
6095
7669
146
5199
909
1415
2966
7581
3129
3924
2202
911
5293
3116
7680
3205
9763
5564
9588
9096
6445
985
8937
6412
6519
9156
3538
9899
9287
266
9241
3011
536
1133
5754
9546
1183
2615
22
4432
4397
8086
7831
6966
7851
8869
6069
405
5351
187
3937
8987
8664
352
1256
7170
6044
6676
5986
6146
8726
3908
1108
9555
401
4862
3073
3722
7599
8358
179
7712
796
6585
9438
5027
7064
2574
4771
1868
5128
8579
7688
6552
2803
7871
3998
875
4954
5689
6574
7018
7383
9909
4693
2913
8296
8381
5046
4923
4427
7796
8186
9136
3264
8490
6858
1627
6346
596
9433
3606
1128
9658
2493
9581
529
3930
1532
5319
9962
1403
7640
7738
1358
1871
1117
650
2513
8256
9998
8734
7950
1821
2635
7040
4398
7932
8670
4907
9984
2574
2032
1233
1291
4959
2880
2719
6522
8256
2837
7908
6219
8723
9304
7657
5187
3333
161
6987
597
7369
9742
4181
1590
6391
616
488
5138
1503
3408
7787
1387
2876
8665
2199
9282
4151
593
8760
9853
9499
2406
6020
254
5899
6949
9684
6342
5481
4306
1286
5407
6680
168
1279
3534
8365
4878
5891
3962
8143
3292
3643
3841
4555
9827
526
6799
3053
1441
2451
7858
7308
3657
9871
5415
661
1185
2203
2234
7349
5260
9041
3686
9498
4340
1080
6862
3831
3486
6109
8572
1537
442
4477
3759
5804
3198
4047
8393
4156
4646
6786
2517
6916
4839
7875
9806
8869
321
3503
9716
8527
2995
5358
7120
8249
8096
8222
2175
8936
1976
2071
85
5003
5600
1593
6434
8909
8924
4142
8779
9635
4681
1809
9333
6216
7443
4500
6728
5650
5339
8697
7084
4363
7276
947
5906
3739
8136
5978
2719
3215
8020
6881
9722
8889
9351
8771
4290
1707
7401
7972
2649
6871
5625
5911
8702
5344
7109
636
7619
9046
7359
9150
8578
3671
1700
606
4815
6927
2625
3805
2015
5423
8577
2429
7997
463
5847
7939
7634
1541
9558
3217
6994
6468
8003
9628
9800
8758
7032
6456
7492
6149
7615
4399
1387
8935
224
4206
1755
3189
4285
7395
3982
1865
9557
8506
6406
6307
9022
7350
7910
1713
9639
5312
5909
2766
8131
1942
6951
9816
3875
6771
2875
1752
9924
6579
5147
9014
6202
179
8839
9086
5991
1217
5571
7224
7975
4414
1619
7207
1315
2253
3449
439
490
7183
7913
6865
9967
9075
8509
7859
6171
8899
2251
9485
5654
7346
3945
4347
3916
1506
5948
1636
8867
3576
1883
7895
6613
3075
2167
5549
4894
8068
7720
2306
1337
1484
5763
2139
9452
5797
8232
7791
5238
3020
8997
5462
1200
7302
822
4658
2608
4199
6792
74
2883
4152
3803
7809
1173
7644
7633
5210
5371
6058
85
2227
8074
5334
8767
2253
1357
9214
9162
2156
8580
5044
6822
4420
7949
7918
4773
9160
3018
8290
7480
125
9947
4054
8123
6769
9942
622
338
3950
8028
1507
9048
1895
6043
7551
7600
1685
8628
5076
0
5722
5803
1963
7711
8366
4755
5958
250
9264
6411
1318
7581
770
9505
8370
173
1277
5945
5464
9537
8305
6532
4390
8009
8736
5318
8390
1617
8737
4234
6569
3983
2559
7016
9724
2357
7714
2907
400
9163
3780
6117
4313
3690
3515
6636
1212
8941
7866
1603
694
8101
979
4163
2549
3514
7370
8489
1779
8668
1057
5511
5618
261
5618
3745
3580
3109
4931
3602
1867
5384
6623
1556
286
5490
4155
2644
3266
4708
8927
5896
6512
1713
739
7527
7363
6010
3561
943
55
7412
3656
1007
6684
7775
8813
2336
957
9404
682
7914
4543
1747
7019
4780
5209
4322
7045
8157
1843
9170
1042
4017
3908
553
4806
2783
1929
3095
672
3653
1201
2133
9425
9830
3064
1633
1603
9867
6814
5713
2466
9264
601
9549
2209
9499
1509
4240
1867
8725
3426
8065
5813
9530
6276
3488
3745
4359
1729
5267
8625
8452
8582
52
2153
3492
5688
1986
6065
2555
1503
1973
5763
8394
7127
555
2657
2620
4050
5587
2896
2908
8718
6303
3192
9031
3519
4764
8862
6176
7806
4182
5349
5824
3182
1146
2045
254
4421
5408
6481
6664
1133
6535
7678
835
5541
1500
9750
8273
8617
1050
769
2880
192
5590
7310
9305
8665
3194
2095
5369
2440
3402
742
5185
8338
456
3735
1973
1858
8770
1418
1915
429
1597
3080
6878
3525
1086
6007
4354
2910
4230
6752
7519
2142
4555
4811
6984
6976
3845
8404
8502
7319
1647
3121
7664
6979
2905
6813
3450
9625
5617
8302
7389
8094
1144
3244
4044
9442
9489
7784
1548
22
701
9508
8006
3226
1381
5677
703
7562
2233
668
296
4214
8551
8180
1389
1361
615
8833
4270
7178
5048
503
9943
4671
1391
6999
2057
9265
361
476
4870
4430
1583
4365
5919
1521
8926
6561
5764
7490
1006
7073
4847
8153
2906
444
9269
5304
2716
836
3153
3100
3090
6915
5110
2903
3720
4366
314
5994
5327
6225
7695
480
9598
5080
3830
2069
2355
6616
1289
8395
9140
1010
9344
3094
3423
7222
9276
8927
7664
5366
4795
8904
6575
4034
514
597
121
2699
7854
1589
992
4125
8288
3375
7638
8113
8399
6925
9262
5828
9877
5593
3622
3462
293
100
1977
5068
7231
5886
8054
6988
9219
5325
9520
541
1774
5981
1127
5335
5830
1386
8442
2925
8846
2659
9832
9389
5971
7707
2303
5840
9770
9693
3644
7901
2238
8012
9363
8730
2085
3110
7937
5306
3617
1127
1998
4377
915
5570
6261
2727
2479
1022
5243
6236
7020
8202
5104
3569
671
646
4318
3289
9503
704
7291
7675
8978
6622
3545
2607
3703
3036
2631
478
6697
4393
1523
2329
7274
4524
6968
6096
595
5865
9947
236
9960
8693
3244
5815
5001
4132
5960
5630
5066
4652
730
5909
7292
2350
413
4705
3147
8347
1036
1237
5527
6333
6920
2105
908
9510
2059
3565
7496
2929
9091
3872
837
2619
3469
6059
2934
8764
5821
9472
9562
2687
9901
7890
3157
6415
7027
3093
5459
9206
452
5407
4884
7576
4706
6919
8505
4064
5649
8809
7499
5305
6700
1571
7884
1755
5488
5770
5511
9902
3061
1402
5364
2697
4704
5962
469
5507
7377
4853
4946
2997
3889
2920
9096
6970
7963
2567
1789
6454
7597
2192
6885
9079
6290
8440
5926
7148
3065
7223
8934
2711
2533
1319
8776
3418
5690
6921
2266
4968
630
7544
2960
6555
9883
1334
6392
2884
7722
7009
8431
37
6444
4411
1376
2762
5367
7972
414
7608
89
5266
5168
9710
2410
8265
7186
1044
3252
1904
4446
4456
1883
3146
8184
907
4812
3852
5742
7005
6831
2449
5454
6123
4855
2643
6102
9209
2433
2252
3958
689
9130
1585
5028
827
4312
8750
8731
8343
9311
8783
1986
6128
5417
4525
9413
8508
7708
9838
6209
634
6339
9912
5145
9338
7555
9180
8071
45
6483
4664
5360
6178
2511
1475
3783
5940
5936
7588
4450
6262
1508
7059
7670
5309
444
4382
838
2973
7575
7834
8790
3489
4370
6332
3460
5482
1772
2577
1144
2586
9013
5091
1148
2081
5867
3106
9245
9931
6176
1223
2942
8045
9891
5253
3302
3664
9366
6711
9832
1320
3198
1080
762
5004
7500
4122
934
1891
175
1293
3499
9268
8517
7625
9607
3110
4216
9290
2371
232
2759
3560
7529
5837
6108
796
3430
4879
8521
752
7229
8702
5463
5529
2533
8122
4634
3261
6088
302
6313
9835
7610
9566
7490
769
7316
1667
514
1752
352
6876
2365
4297
5910
9803
5094
2430
1567
2826
1437
7448
108
5641
2168
366
6979
5602
3383
5873
1339
2207
2553
7397
2710
4422
1932
144
8178
1332
6728
7893
2213
5044
3255
9752
2321
9733
9262
5089
8911
2243
4585
8400
7079
7773
5338
1025
1298
8811
8944
3304
1405
6722
523
9006
9766
3163
3348
3694
4953
2850
7397
58
6910
116
401
6196
2191
9157
5188
7302
5565
1907
5631
7318
6064
8074
1041
4708
1350
9027
5469
5707
4218
945
4050
9163
8949
2932
3250
9388
3294
2617
5696
7309
3920
5217
3111
5681
9303
1956
2808
1079
4262
306
4184
3983
4578
1605
1701
8399
8506
1235
9953
4115
4326
2817
4599
7986
9604
606
160
5429
8280
3665
2001
9685
6344
1269
5156
4371
5453
1470
7102
4306
6576
3813
5054
698
2519
2741
912
9388
8992
429
8600
5030
8809
6481
9211
9853
2721
7222
9112
2958
3443
9150
4954
4977
6495
9535
7395
3373
2602
2114
2282
5638
1655
7360
3998
1241
7443
4913
755
8281
5737
408
5708
7496
5679
151
946
4543
5906
4903
3653
1257
2312
8335
5027
7988
4000
6674
2908
2063
7542
3487
8490
1890
7432
7614
5978
2325
2354
2842
1610
4522
2713
5075
5042
2682
4795
6465
1819
881
851
6277
344
5457
2436
5082
587
2307
6393
2286
4616
3922
9049
6982
976
7932
4351
8647
5908
7551
5983
7276
4471
4411
1788
2239
3712
5961
1265
5349
8241
2879
3307
6405
5765
6741
1923
8833
6458
4574
2211
8960
5411
4862
7543
4902
1796
9077
1586
116
1907
3860
5572
2223
5759
1618
2068
9909
8550
1491
1360
9382
8961
8377
5551
7203
6014
5050
8471
8101
4990
1245
6589
4827
784
4057
7248
2066
3999
5981
5760
7927
1054
494
2159
4694
4642
206
1742
5097
4986
9296
920
1653
5499
190
1359
4367
8712
4289
903
6450
9619
7867
9356
8605
3950
7275
845
9921
8315
2028
2169
7419
7635
446
8360
6933
2842
144
2429
5116
8427
4842
6260
6123
5091
9747
3476
6795
7500
29
3197
988
933
835
5634
7149
3476
2703
6635
3158
2345
3226
8502
9032
3900
4418
8650
1157
6955
5324
6024
1374
8133
1124
7580
488
6128
3235
3588
8512
9048
9715
1024
3351
5239
1670
8927
5500
3407
9283
8197
8819
2253
600
1059
6482
3311
7274
2151
6789
3263
4084
4042
5682
3592
3238
4876
1538
6093
239
4791
3093
2550
5370
777
3186
5622
3780
6723
9433
5896
7540
6543
7908
6952
5084
3474
7435
6296
6998
7911
200
5049
2220
9466
9044
3399
5468
6343
3021
2001
4889
6564
590
1730
8802
1105
4142
5516
1730
8586
509
6325
2909
4779
9507
4794
4915
7936
6682
8501
6145
2690
6939
2410
8507
1092
2961
6635
860
9286
6004
3341
9501
2234
6950
9344
9304
6948
2355
4763
3007
6755
3618
939
1570
5261
7382
2762
5521
8909
1810
1540
5800
1240
6473
4574
2715
373
3228
6737
3309
3529
1729
7510
716
8956
5944
4179
3864
6069
7432
8181
2294
9233
7034
6968
8776
9258
9095
8158
1918
9351
1380
6251
2031
9093
9422
4715
6126
766
6233
7885
2133
7321
6985
7761
8148
175
3590
558
9869
8086
5940
6624
8228
5394
4959
5254
9680
9102
7621
2791
3602
9439
5595
8442
4843
7838
7298
7262
4554
9579
7757
3868
9155
5745
1957
3634
5522
602
5074
340
309
6008
7392
553
2678
4065
2577
5383
2671
2853
5451
9668
1941
7785
9481
7150
9638
2911
4735
7721
3861
2314
4270
9471
8285
1628
596
3900
4321
3681
4175
7424
1482
265
2733
6095
2503
4135
3596
3304
5199
1457
1210
2184
66
5159
8553
5385
1164
3871
4233
4982
7973
9515
6733
4345
7597
8947
3479
1999
9924
1564
5192
4750
3202
5245
5323
3610
3827
7639
302
1465
2109
8400
8766
5809
5266
711
6997
3389
9972
7191
3389
6141
9401
6112
6895
9386
3912
8738
3167
3980
252
7578
7364
3798
1498
8324
4431
8755
8801
5364
6108
1432
6466
1869
8838
2280
3879
689
8338
4386
1374
1535
4637
3807
2257
3268
6092
5613
9876
7503
2068
8940
6909
1197
1794
6595
3825
1401
1214
6047
4876
4936
599
9019
2892
9409
3115
6290
8685
9660
8613
2830
6895
5543
7479
5921
7769
2724
6547
5544
3541
8120
2800
1965
8825
5513
875
214
6768
4928
7206
4931
6565
1422
7084
1919
3390
5083
859
4677
8801
4234
2052
5163
8229
8115
3229
8072
2304
3646
5167
7074
444
3252
1051
9567
8399
7207
215
3777
6245
4448
5305
8339
9716
422
2643
9822
5677
9130
8023
8113
2067
9280
9244
3061
3693
1194
2240
8305
7881
1967
9843
9850
8190
1252
938
7624
140
9018
3054
7955
211
9626
3260
3761
8274
3666
678
7050
4013
119
8856
5293
9947
6650
7815
9192
7185
5050
3651
4441
5189
2238
8249
4150
3527
4573
2873
1822
1811
4715
7195
6973
3868
5781
9654
6804
3553
7110
5960
7682
2532
9615
21
9625
4916
6399
5600
5464
9636
6061
7614
3892
9110
1970
9141
2258
1932
676
3922
592
8072
6570
4426
3110
7367
7922
2393
7259
6002
1531
2178
3177
1071
9328
7203
8424
353
506
6320
3776
2966
6997
34
5970
6726
8480
6153
2343
9686
5440
665
548
6621
5322
2443
3701
6011
7276
9692
7665
9473
5624
1988
2507
3503
781
4217
4591
2935
9091
7750
9275
6540
9805
9808
6705
7849
8238
4101
4834
8458
9067
4558
4431
6838
2656
9271
639
2965
329
3561
4374
7986
1596
9563
4779
8561
7458
4627
814
7531
9142
2400
6101
6123
889
8557
6163
8028
8712
7776
1298
2382
4492
9798
1545
927
6166
194
2377
4457
352
5792
1115
5002
3263
5640
4365
3175
9471
5850
6249
4591
5733
682
5647
5333
8897
2863
8251
4074
2715
3248
5818
7638
8290
3677
697
7558
6833
7174
8433
7485
1438
6443
5056
5185
6644
5070
8526
8298
713
5772
5713
40
5740
6589
7302
9599
5000
9009
3041
2073
5248
1662
8868
4534
4088
9452
5638
8010
8990
778
6385
22
5035
4829
5374
8673
3059
6867
7542
7235
8518
1857
1375
7672
4071
5866
1713
2613
5681
210
1579
7906
2848
5536
3690
2084
8468
1698
2999
4815
2795
4597
1380
3719
8976
3001
4314
7844
4723
6754
7339
6480
5820
2761
6940
4042
2377
6685
6526
5288
8010
6354
3203
264
5431
7564
5172
5089
9377
4176
2735
2897
9201
2177
8133
9114
9019
1741
757
6583
2843
2216
4612
9035
5807
2438
4347
5857
282
2819
4648
7212
7435
6236
5352
6170
643
1909
1227
3715
7037
189
1061
3220
7429
6435
5426
3333
2872
9042
6282
2052
8212
49
4457
251
9087
6757
2948
9870
9095
9313
4992
602
8062
2293
5886
8993
700
8008
6664
5576
7353
5449
5893
8925
4934
1591
3118
298
6732
1096
3734
8958
4306
6402
494
6151
3337
2611
1206
5271
8038
663
5732
6761
5436
7845
7899
8965
1737
6864
9570
314
7818
3434
4788
3975
9882
7584
1636
3431
4317
5782
8283
6314
2880
9334
7496
4264
5469
9528
880
8583
2960
1486
54
5030
1828
6825
7031
6202
5652
9852
187
6676
5924
3248
5379
4300
6114
7001
3989
860
8395
8649
994
6717
2062
3860
6516
6951
6284
3782
3718
1052
7563
9693
4411
4248
4018
6022
1285
6219
4453
12
2286
2097
71
9989
8323
1434
623
4498
259
3120
4825
1406
4887
8104
6951
9496
2513
7241
7630
5006
641
8538
7122
2167
9268
6702
3573
9812
3342
7948
7103
5852
7045
4778
2972
7604
2733
8664
3519
8726
4610
3364
9085
2907
3505
8031
2711
314
4480
7153
2063
5303
3439
3913
4704
2934
2362
4586
9638
7395
5372
4255
8865
7644
9427
8270
7563
4252
4118
9666
504
6755
4788
65
5303
2636
1975
432
167
7487
8068
8536
5002
855
8953
1945
9886
3836
4447
8952
4214
2537
6351
4962
3151
6223
7056
8547
5412
167
4827
9654
7842
994
4120
2221
7797
6694
577
4891
3901
4338
719
6390
9391
6037
5772
6702
9984
7707
7553
1170
9940
5797
1878
2356
5862
4289
1596
3594
7626
8017
6986
9016
9826
8619
6023
7060
5103
6286
804
8406
2847
3891
9286
4702
2853
26
3419
1432
3764
4046
5730
6879
382
9272
6482
9214
2239
202
2624
5482
8261
5769
7935
9465
8753
3496
998
246
6510
8708
3928
9663
3389
8918
166
4772
7350
5917
4038
968
7672
7191
8307
2444
2812
3828
8443
9320
6208
4281
4009
4950
226
2045
8172
2672
7394
603
6137
8584
1094
831
2066
5795
4954
4487
1921
6046
1344
2328
6589
6609
4546
6991
5640
3910
3490
8838
7106
477
2220
7608
2792
8483
3696
3989
1789
1415
3964
2955
7124
5225
9247
5090
1743
1657
8108
3015
410
9446
4449
7514
3531
3521
4843
1984
7365
8459
5453
4418
2692
31
9605
3318
557
7895
7018
7621
9411
3221
9590
1028
2734
7368
6717
7966
9954
1589
5153
1809
6416
3198
4595
5982
17
627
357
5066
3149
8363
8790
6166
8615
2885
9413
408
7312
2408
118
708
3642
6506
8287
4684
1841
6473
1135
979
2735
3686
3223
3125
5766
1163
7684
7595
5582
2997
440
1668
5945
7440
3434
2392
6295
2016
3758
27
7867
3230
413
8117
6994
9218
9425
7592
2913
955
1053
4168
6221
6565
9878
6709
1968
3670
9748
9190
8329
6745
722
428
7741
10
4438
3861
2474
1497
7671
4280
705
640
1214
9681
2335
9983
2701
4153
6020
1400
7472
2082
213
8631
1199
4848
1330
839
1607
8686
1625
6417
4335
6368
7811
2347
9762
6027
9029
2009
3435
7524
9367
3563
2640
557
5824
1743
5610
8926
7332
8262
7882
2262
4244
9847
2389
9921
590
8418
6027
1695
3282
4887
5629
6563
3471
6637
556
3766
5288
8864
7442
170
6321
1650
5020
4091
2354
7903
3413
8547
6121
2073
2788
6231
6140
6000
862
4443
7045
6112
7381
636
7256
5751
6396
8319
3329
7434
3940
8619
2844
2515
9529
4979
9347
9865
4808
7177
3488
968
1613
6158
4267
6145
4748
2979
3088
5469
1842
3621
1173
8410
3802
6343
7828
8212
4589
9844
3033
611
8292
8522
2867
1584
4831
5861
406
5555
2984
8119
7898
3692
919
8329
8255
1777
9905
4950
5198
8493
6459
394
1765
7915
1847
2180
6298
4482
5545
3424
3531
4817
1030
46
5922
8370
8122
9176
7023
8040
5967
6990
4310
2716
4724
4481
3680
5959
2020
6524
1567
8939
2343
2992
3548
1180
3650
647
175
9668
5701
1095
1816
5436
8890
3131
4283
6872
663
7531
6160
684
9025
8498
6937
4712
9068
8808
2247
1579
9004
5011
8847
8566
6723
4974
7314
7030
6585
2499
4861
4168
8822
2819
4182
1035
717
8326
6744
3304
9548
6079
596
5483
2175
7344
3421
5026
5117
4706
1275
124
1954
4132
2306
3799
2018
7785
2548
7397
5420
8348
7850
8560
4714
7155
1973
2323
2743
6520
5937
9116
9546
1318
7803
139
8601
6085
5274
8819
4125
1694
5698
6889
6684
6
9393
4989
3937
5803
2552
651
6978
2784
5406
1001
450
4436
9837
3608
6371
1183
8145
6506
7453
2390
1321
7644
5555
5491
816
4713
4912
4835
2565
8681
7757
9636
5804
8188
2071
3884
2074
7426
7294
978
1764
7113
4087
2439
6478
6746
8461
3101
5618
6444
8932
4880
4637
8359
7769
7415
613
930
3830
6664
8048
4024
5024
1898
4045
9412
2992
7415
7435
8953
1273
7799
808
2377
892
4564
7906
7605
4109
7611
1385
9184
7861
7115
7561
4591
3361
145
5420
3935
7238
1613
6935
5863
2649
1026
4497
1409
5847
4863
9154
7889
4848
9423
270
7028
2057
501
3191
5010
1934
4337
6570
7284
8180
8962
5105
7680
2245
6270
6617
9580
6467
2928
4640
6771
650
2596
8980
2927
453
2820
7078
1647
9642
7444
8415
3448
5921
9411
2715
2205
1858
9430
206
1126
8234
3127
8856
7572
7038
3043
9149
6748
5296
2099
1700
6651
8925
2014
6819
483
7895
3554
8006
8228
119
5485
3231
6055
1694
5595
8922
807
5392
300
1549
6929
7620
8953
858
4901
6470
5238
6970
3491
9920
783
779
2946
3792
5505
3407
2629
3620
5062
5817
4547
3248
8312
4117
3696
5674
6669
9572
7259
8416
2856
4895
7269
6534
8723
9984
5574
1289
513
974
5677
1421
5225
6171
3338
7017
3594
1269
6720
3033
3609
4100
7268
661
3444
6076
4544
9970
4240
3491
1786
6467
1238
6890
4096
7614
6452
816
7844
2672
7275
9443
8129
739
3184
5798
959
7351
7098
3627
8181
9592
8787
1276
6131
3308
5262
6402
3486
3721
7076
8825
9851
2517
58
6348
4253
288
9193
5022
1894
3132
5033
981
8272
6143
3357
5717
2093
4560
5608
466
2276
5406
1057
8226
9782
8616
1623
3869
2017
6819
6781
3791
6109
7259
9134
6566
7491
7618
830
5230
1916
9926
7270
9955
2270
3201
7302
7119
6380
5959
8476
7097
8374
4328
1803
8421
4104
149
2971
423
633
6126
5973
9929
862
1891
726
135
6989
5647
8381
1409
692
965
6793
4434
3674
7252
3861
5829
9523
5447
8303
5219
6718
7552
5874
546
3047
9766
3946
5367
3725
4198
8952
7852
9017
3396
9272
6255
2371
5246
792
9744
6673
3219
3606
6632
4561
8374
6086
4314
8494
5041
6926
6489
7690
1710
6642
3630
1959
2277
7501
2056
6966
506
4877
5502
1536
2329
3626
554
5222
6454
242
4011
3561
3630
5260
5841
9177
8859
661
6178
9235
8902
3900
8583
3584
9463
3541
4667
3414
2605
1506
7084
7212
5154
3438
8900
9394
3096
1794
7398
7107
5332
5939
9458
2384
2514
9723
3876
82
3179
9828
3170
6868
9879
7490
3760
2866
2604
2124
8752
5542
5439
7865
1969
4886
5100
3033
5396
34
6743
8170
4704
89
3300
414
9179
6083
9473
736
3011
6788
460
5808
4681
8397
8533
8152
9928
6950
7646
6606
1698
2864
7397
4123
7352
8878
2880
1438
9424
6323
6232
3270
1262
9745
8992
8330
2991
6588
1805
5679
6422
6909
9451
7726
9750
7914
4676
4523
4207
9456
3926
4918
5171
9613
1681
7581
9678
3931
7825
8983
753
8005
4230
5973
6541
686
2591
7772
8814
4398
5409
5928
1122
9794
5996
1035
1563
4304
1400
1907
8995
7987
4191
6250
4313
5575
5238
1907
389
541
9783
4227
5237
5657
3391
8254
3007
4570
2687
4050
6544
662
8191
9717
3404
2679
3003
9442
4457
1450
1614
3259
533
8391
7702
1106
7868
4408
8415
6244
7612
7340
5342
2127
8069
7143
9136
2419
939
627
5610
5995
4433
1761
5980
7501
6778
9320
2917
9326
3421
938
7074
2673
9964
1530
5825
3847
813
4482
7120
6824
353
5999
6545
4718
9534
6574
4940
848
5743
8668
7285
4763
7961
6383
928
9819
2414
1147
2689
6669
6095
7263
9920
1369
6908
2546
130
7744
9482
2202
7480
1080
5178
8613
2117
4284
3259
5754
113
8223
7761
4610
7575
5127
1222
5109
2423
7651
2077
895
1246
6474
7280
5531
6704
6178
5514
2633
2983
2526
9192
7843
2995
4255
5412
7595
1183
9028
6964
8144
86
6268
4595
8488
7125
9282
792
2487
496
5280
3570
8754
9464
4692
5932
1670
4928
528
3034
3298
645
4426
4374
3874
4203
8515
2819
8072
9487
1255
5716
5313
9189
989
5912
4976
6710
3140
2111
1619
1729
5657
8670
1010
2638
2645
4666
5129
2074
7933
883
3137
8865
8735
1196
5795
832
4560
1801
2775
8116
8035
7682
5892
5940
2404
765
6404
9078
5130
8356
1234
7664
8258
3571
1187
5451
3950
1762
4085
7140
7975
8205
7092
979
4845
2691
5463
6464
5734
6080
9431
4717
4387
2376
7031
824
6781
7406
8274
3299
7496
1824
5274
5708
9451
1822
3688
9445
3942
5659
3150
4671
4795
7936
8230
8501
3803
6385
6923
5687
4639
7891
655
7223
8945
1418
8355
6579
1379
5597
7280
1608
99
7803
4970
2546
5348
9766
9941
2997
1599
1967
3575
1292
8076
5370
2001
4224
8356
4424
4739
3758
2245
9669
6348
67
2136
1780
8416
977
1677
1429
1823
8753
6711
951
3424
47
7178
4481
7038
3779
3966
2961
5953
4743
6531
9224
3012
7812
5503
6200
4820
8759
9498
8242
8581
2908
6851
1540
3651
2108
1118
4635
5031
3838
3818
4176
2689
3671
9137
4215
8882
3741
3075
9584
5427
5411
3887
5198
4290
3896
1541
3476
7758
6255
1438
1518
8996
1851
1624
8134
9836
6165
3338
8401
274
4672
1916
7
3349
3379
8757
1332
9824
6572
5377
5954
9395
363
7375
2046
9054
2673
9614
8020
4649
6455
3806
7675
8692
3164
6300
9110
6039
7723
6907
1687
9184
4612
9310
4475
6599
7039
9767
7748
811
7676
3655
6361
7711
9881
8714
136
4978
2996
9765
1721
5430
3867
2156
6850
622
9503
210
5376
1079
2528
2565
4037
2171
1908
8417
3492
8823
6339
7448
2868
8023
6640
1459
4770
5396
6494
7598
2515
963
7977
1482
9228
9705
9456
3464
5330
4482
8630
2850
6955
2479
2775
2956
2892
1443
1553
4559
1720
8677
5188
6503
4031
4023
2208
21
6823
7838
6508
7681
8474
6400
3074
8747
3067
77
5304
245
2237
4108
4637
7046
1235
7920
4892
4866
3409
6518
9624
7266
3957
6670
632
1409
9446
1392
9747
7683
4343
8501
4047
5066
9615
2943
6695
7586
1273
7979
1771
7161
8726
7364
1661
4636
3723
9199
9827
3961
774
2249
132
4070
9009
7240
6254
9288
3630
8875
1221
1821
2334
9128
7577
9287
8409
8772
3288
6117
7518
2000
7145
130
9665
8538
110
4640
1295
8680
5828
2017
5014
9336
4362
6812
6068
3337
8090
5262
5351
24
7663
3267
8483
2444
8947
6801
9269
5361
8940
7097
3732
8720
9809
7942
7831
3232
5382
3934
7949
8253
3725
6666
8314
7346
2726
432
3587
3502
3033
314
8066
4341
4141
3234
5161
7368
4917
6970
2105
6748
9471
2977
5238
6038
2893
6366
595
5756
9086
423
3057
789
4718
3622
4830
230
9101
4274
662
1447
9741
1653
2861
919
7233
2739
3928
6708
1194
549
8398
1302
1031
3443
8372
8999
1435
4766
9116
9021
2760
8719
2116
4089
654
1428
3004
4340
7682
5881
902
8137
2047
5574
3888
4584
4994
4529
2532
7377
8964
672
9757
5989
3192
5470
613
8131
2039
5208
26
6931
4096
8307
1
7348
6815
8681
380
8949
2321
7295
8815
6367
4866
2818
6308
4539
9432
7502
4414
3089
3927
6338
8986
3141
4550
5869
3212
267
5035
4073
9623
9274
5657
4229
6717
105
7201
3777
915
9264
8378
3860
8674
7844
2604
6434
6727
5507
1474
3632
705
9568
7825
8398
3650
9722
815
6336
6314
1884
9131
6170
559
9118
6102
249
5650
3696
2309
7145
4797
1948
7066
5512
5903
2768
64
2142
6139
1374
8436
7393
4734
2256
2482
8041
2139
9098
5411
1003
6590
4923
8578
1343
1028
2701
3901
4532
4319
5215
9421
5981
758
3137
2291
587
951
1908
5858
1192
5362
1328
3999
7683
9025
6512
6334
7781
2230
5302
2569
6480
7358
5129
2826
3588
6457
1823
3560
7814
7631
3966
5385
1487
886
8954
5
2113
5666
1188
8313
5725
2980
8505
676
2248
4801
320
3462
4941
2152
9804
2921
4414
1218
2872
8680
2660
3697
8742
4341
4081
3626
415
1897
8605
7945
8531
50
6612
2176
8763
3878
6638
5782
1131
4781
4604
3987
9495
5125
7643
4155
777
1601
6529
5171
6486
4961
8184
7709
3563
1481
3737
1738
7650
3288
8257
5184
9525
499
5399
4266
4597
8035
3941
1700
6165
3905
3464
3711
5388
3793
3290
567
4864
8836
2180
8251
8091
9662
6272
756
4132
9915
9282
3539
5336
6803
2077
8654
6132
4507
8382
1250
2551
8704
9621
5250
5437
6883
4657
3304
5088
9683
9558
2367
1447
3046
8399
1650
1928
9611
8627
4092
8428
495
3485
5996
6166
5386
9650
2024
9612
9656
354
4354
4955
2156
3001
5470
4300
6263
5559
3805
4131
9789
7875
240
9415
6435
2445
1346
5189
2620
4159
2151
9459
8711
55
7220
4818
2965
8247
3891
1300
9797
9803
5589
9692
1414
8607
6362
2762
3281
2010
9961
1704
9415
9415
8150
6430
3089
6854
3229
1342
2153
3095
9235
2647
5913
6820
4720
9412
2232
5064
7598
8127
9400
199
9131
9777
7170
6519
9828
9137
