8338
5257
4513
5325
5302
6388
2918
3361
3666
9806
9669
5923
6372
2624
1499
1949
108
3452
3352
7691
7835
7367
2795
8542
3796
4796
1889
6050
4031
7419
4475
7196
3525
3404
2650
6014
7099
3715
4809
6060
4872
1030
9034
5865
4753
2881
9842
8539
3740
1026
3359
975
7049
9807
5821
7744
9089
7210
2983
9677
3118
3767
3485
7397
7054
5999
7528
5612
1359
3134
3304
4844
1189
8082
7545
3460
9042
6214
3285
4356
6062
8440
7475
7466
9821
8257
3430
1362
3928
5975
8267
4680
127
7171
3468
801
6702
6564
7488
7330
7906
2978
2939
5234
7964
5814
7289
1220
9692
8566
5251
898
2223
304
3075
9603
4493
1749
9803
2360
1158
8614
8231
4406
5448
1202
8773
8929
9071
5918
2750
9245
2760
1297
7680
8497
2283
8445
6125
1138
3850
3371
1314
6976
9679
6574
7351
327
9239
3487
9146
3986
4156
7881
7383
122
5110
9201
6805
7962
7179
3903
1911
1191
6039
399
2733
6349
1180
6918
4802
7198
3874
1725
1626
9037
7027
5535
5054
1209
1224
6644
8742
5721
6294
370
2617
4780
559
5685
1698
320
541
3611
939
4140
2365
3895
8850
8148
2352
8749
6578
384
8363
5049
5853
3988
5348
9271
8740
3091
8248
2652
4510
1726
2899
7610
4084
9274
930
270
505
8726
7760
8118
4665
2085
3755
6235
9132
596
7373
383
9340
6191
5683
258
604
4516
2042
1655
1514
9218
2898
1993
9062
1790
5717
9675
8561
1201
7824
4086
1877
2786
1616
9707
778
6430
5029
4753
8341
9930
7405
2049
220
4632
9991
7423
9364
6911
7165
8814
2274
872
9202
7487
2260
4775
9880
1284
5320
6119
2585
8689
7240
8057
6655
1601
6321
2871
1708
4206
4702
6624
1411
5108
2720
2751
9759
9941
4926
1389
2271
2121
3456
5508
1772
87
4272
4566
3362
408
4493
1312
6071
7482
4486
7619
9271
2187
6683
781
412
3816
4214
2585
6870
1914
6325
9633
8801
7199
4321
4914
1746
3663
1274
7389
7463
7168
1126
8515
8948
9369
7950
2041
934
9628
4144
6150
300
1748
7093
5097
1765
6808
7451
849
2987
8162
8627
3910
9800
9741
6251
6520
6646
4225
8471
721
9516
3319
2771
8394
8691
8448
2659
313
6392
6467
8071
6495
106
1692
6615
702
5790
2458
8875
7782
6408
7741
9941
3775
330
6932
1020
5133
1038
3767
9557
5286
4215
3634
3632
3835
883
1984
6561
6132
5507
431
628
8742
6166
6275
4643
9310
9816
625
8638
7772
9430
93
425
9487
1384
7125
2966
9894
835
4403
8557
4579
30
9502
5666
8281
9508
6982
6936
1268
4959
6462
2361
1790
3164
6838
9893
8855
8872
8798
6891
430
719
61
9700
8387
8396
330
5393
2980
5135
5879
9253
6441
9275
6896
3918
7435
6214
4214
1276
5507
7321
5928
6188
7426
5573
8528
1899
5370
8591
1638
588
285
8519
247
8967
2402
4773
3375
8000
4928
59
3551
7929
6194
2253
7171
4580
205
4769
1822
648
5421
5835
3035
6077
6892
2745
9529
5006
7375
608
3013
2798
8984
6364
5860
5630
8058
7913
7575
6819
2455
5088
8866
8614
2277
3907
347
5547
2149
8029
1423
5569
5619
1689
3747
8227
9961
6500
2793
4865
2760
464
544
4504
9987
1295
2075
411
8989
7734
8898
6637
8785
1903
2336
830
4379
2974
906
9470
1428
7396
6713
4373
2510
3788
7203
4750
6510
1212
266
7426
8174
8003
2645
8916
5766
4570
3884
6970
947
7699
630
5938
6463
5720
9022
9830
4075
3632
6079
9318
7248
4786
4568
4078
566
1034
9628
9855
589
6400
9616
435
902
274
8063
8276
7499
4876
8448
4028
9309
8343
8542
4327
2687
9129
6508
9348
7963
9650
6640
6432
810
7087
8650
3758
1075
7099
755
8529
6994
1812
3463
7423
3259
6930
7920
3164
7271
4045
9956
9981
9093
3294
8555
2464
7121
8433
5382
6838
3292
1041
193
1081
8758
3128
5508
413
3408
7702
2734
7714
341
5013
1108
4205
9467
8132
254
4302
2770
5265
6971
22
7460
7804
6907
4497
2225
2485
2213
1223
6103
3212
6969
5521
9122
3134
3185
7333
8773
381
1557
9996
6638
1479
2759
7872
5043
4944
7058
6866
4483
3792
2289
5758
8732
9769
2816
2993
6073
4027
5032
3137
1863
8611
8111
9547
9771
696
2319
4974
6478
6774
964
9781
7355
7176
6261
8284
8686
2238
3824
7290
5395
165
5290
7333
1893
3258
3654
6369
7677
3524
1307
7666
8597
883
6469
8558
9355
7230
9746
4321
2690
7387
8868
1978
6000
3656
6327
2069
6658
4091
1583
2570
3186
5918
6793
8044
607
4539
2601
8823
4805
5508
8424
9599
2525
1514
9890
4103
758
8940
4606
2761
1695
8878
6265
3184
7187
5638
6261
9110
9669
1689
1445
2077
4926
1793
6410
1458
5721
599
8823
2767
4311
7410
6665
1166
6195
8987
7007
6946
7037
6282
6944
2451
9657
3824
8652
5359
8212
1100
2192
1545
2265
3723
1640
1858
4277
8451
2396
1039
281
176
129
3760
4952
904
4686
2284
9121
430
5534
2620
9880
5928
8816
1187
877
3003
9945
2015
3123
3868
9799
5258
4710
9294
7061
1443
1184
9689
4006
2258
7035
7280
8143
7934
2709
5736
7497
3303
912
5764
3052
9481
542
5227
7889
5773
6555
165
8891
6892
9292
8700
3541
3875
7370
3310
1303
3156
4078
8148
6348
7218
8449
7221
5967
1932
8615
6073
6938
248
6915
4359
306
9270
3302
9168
3549
7889
6049
9309
7986
5143
6490
8876
8383
5256
7602
4387
1206
3916
4571
3532
7735
1772
9213
5133
8345
5338
9070
9332
4660
2564
6341
4179
6990
165
1404
9843
5500
2465
634
4460
4893
7014
8457
6285
4031
491
9134
5251
3893
9550
4651
3312
9539
5140
1251
6999
4336
5605
8671
7521
7601
3360
2907
3436
42
2338
5506
8411
4872
8543
9762
1942
6356
4025
6972
4015
1653
5395
3952
5637
6314
1592
6383
5949
8547
2031
1235
3177
2472
5492
5528
1079
5968
2153
7966
4738
4433
6017
4629
9559
7820
2652
9823
5154
4614
7654
8433
1439
3112
4499
6686
7689
7285
6598
4104
6599
1810
7261
586
4426
8430
2992
9088
5210
3711
113
6143
1742
6461
2033
9601
8467
1631
4675
5403
1846
6321
518
2920
1802
2692
7545
1492
3862
2030
7944
9123
5330
4000
2870
7994
431
5195
3763
460
8724
1506
7804
3471
8300
9536
4887
9008
270
3325
6215
3044
3893
3959
52
5773
2313
1328
8484
1439
7322
9222
141
6913
7835
7264
7745
4421
827
5727
6065
5235
5373
2230
5433
8026
115
2479
8299
7639
2019
762
1472
7505
9573
9758
4694
1664
6727
3336
6964
390
4844
525
5635
6814
8642
3573
9737
612
8728
8125
8184
8806
7689
8944
5592
3060
8886
306
3269
7431
7149
6242
603
521
8339
2105
2564
1166
439
5637
2329
7394
2216
2631
4118
4226
6828
9581
280
7105
6747
3297
8369
4195
3323
5363
8499
2634
8965
7523
8632
922
2435
2608
5598
2062
8099
4467
2649
9829
8065
9491
110
3563
2137
1807
4330
5310
4235
3974
1511
6745
5526
5122
7265
2373
3884
8846
9749
9760
6498
3916
4113
7194
7461
1855
8646
4096
4985
6805
8481
9748
3538
4722
1024
1462
4618
930
8373
4181
6179
7328
5888
9685
4761
3120
2837
5080
6273
5865
549
7027
1085
2840
5888
322
6578
6226
3005
6843
5635
9486
4320
3642
2689
6445
2460
6992
9882
9034
8510
2609
4663
4459
8311
904
6723
7613
7811
152
6523
9988
472
9741
9924
2016
4636
319
3371
1822
6370
7541
1964
9706
3836
1418
8339
4300
2480
3772
3765
3346
6475
2214
4094
9276
739
212
2289
7396
9597
9339
6139
2357
2694
1560
4464
6813
6099
6587
7620
4702
6745
1701
8440
399
1293
9250
7884
4176
6313
30
5618
3828
5282
9165
9490
2138
9309
4762
9464
9900
2729
8630
932
4664
1741
2626
9556
6048
4136
3861
4763
9487
806
6869
1861
1659
5223
1148
3385
2440
5342
7983
8703
222
3526
1376
7199
9705
3960
4059
4407
3858
3789
1074
2359
4635
3732
201
5101
270
6282
657
7857
464
4780
8886
3631
4653
4618
3030
4156
2669
8609
5721
3097
1585
2195
8203
8106
7292
544
7470
4959
4473
8844
2102
1363
4003
9125
1801
201
2557
1804
222
2046
5190
7805
648
4531
8034
7603
9296
1851
4873
6799
1596
1093
8334
3973
2643
3350
3724
5452
4231
6664
1083
3375
7351
4705
8989
7960
835
9812
1801
2256
3976
1517
594
7802
3361
1999
6866
2622
1900
8050
7227
8741
1104
5096
6787
5049
6028
2536
8685
2731
5964
1296
7326
4709
2985
3808
3280
7601
4732
3892
8503
4537
7465
8970
1583
9847
311
9903
4029
2119
1921
4352
300
398
6271
8028
6202
9423
5228
4448
2578
3702
1678
7886
3808
6953
8515
6091
3508
2985
5584
9050
3065
6449
8803
7576
2141
7037
3111
819
4144
8720
3635
4957
3783
6364
7535
6225
8318
5710
2341
259
8873
9079
5285
6247
3266
8420
2127
8810
7228
9362
3274
2702
6575
4751
9625
5440
8938
3860
472
802
9984
3911
1090
1758
5714
3857
8134
4842
9400
6453
6896
9248
8965
3590
5607
2996
8239
1567
8498
5392
3397
7540
1116
9713
4106
5717
8527
2567
7431
2063
9456
6666
1391
9226
7176
1929
4213
9212
990
5747
4775
9922
547
7012
9522
3097
8886
86
1227
5425
9123
4276
5352
1630
3986
1557
502
8191
7020
323
466
9024
9237
5754
6694
9924
5196
8008
1705
6878
8093
7926
5874
4427
4273
6176
2345
4210
3795
5825
7364
525
5135
251
6289
9290
8958
7958
8668
9149
7975
3398
9383
8619
7364
8221
6622
1171
2944
491
1650
907
2385
384
9777
5118
8072
9609
6715
6412
8946
8403
9580
6340
2627
8290
7240
4470
8440
1047
366
1747
6569
4268
7622
4591
8516
1802
722
6724
9270
2917
7773
8956
2149
7539
1250
3301
3162
6137
4253
6675
2902
1920
6269
1205
476
9894
7555
2654
5807
2010
9501
5886
3732
159
6821
6421
5765
9091
6275
110
3155
9455
5792
8774
7886
7132
7285
8234
6674
8752
6269
6580
6684
4909
1451
4760
662
1924
7876
8604
3538
239
7915
1263
2096
2511
5423
7695
4335
7316
9711
8309
5287
4995
7645
7198
1708
619
4146
1442
8853
5330
3615
1935
8782
1362
7445
2871
1096
7942
5620
6607
3846
4981
3678
2931
4444
8937
9782
6973
7861
616
524
7936
2128
7731
8220
1650
9218
6075
6905
3520
2754
1841
9044
4896
2668
4255
27
5072
936
2051
2954
3218
1820
9490
1876
9353
4652
7692
7759
1160
7150
4811
7694
3921
2488
4255
4584
4127
3897
3597
1488
3440
6438
8061
2056
8584
6798
1576
6105
4486
8413
5225
7274
2502
1054
7676
7906
2960
1140
4629
4835
1377
1439
4684
8593
694
6600
7139
7708
7700
3984
3197
9210
356
7670
5789
6257
4208
7131
4845
3874
266
1151
4158
4186
3780
1783
3259
3265
3209
2820
2668
2705
1322
2159
3752
410
5861
7686
5028
6701
5503
1870
5209
3821
7915
1118
9555
9213
679
2132
145
5494
2521
8993
2592
2983
1874
1518
1412
3840
2137
7538
3753
389
8149
9187
6543
4064
6393
6037
5223
5534
2229
5973
3189
1045
1060
8049
9835
4798
6733
284
1643
2246
9750
9318
5161
4622
9850
8184
2920
701
2420
3030
3322
7832
5831
9613
3372
617
7299
5580
8773
2270
8128
5129
9311
621
5337
8525
8766
8052
5547
98
7619
2203
8772
4869
3724
2205
4261
5748
824
3393
7926
360
7261
2007
1031
8999
7615
195
2816
2951
8061
794
5494
5473
2271
844
8703
6101
8354
2534
1862
2623
8989
397
7160
4070
6211
3955
2893
2361
9574
5722
6776
9873
1377
5523
1471
5133
5483
3400
85
9068
6893
5040
7665
9828
7686
5607
5831
5024
1193
174
1600
6455
331
1481
8170
3851
7949
8698
5009
987
6680
4051
6900
9642
3353
7720
6802
4295
8303
5229
5336
3205
3082
5717
514
9585
997
3941
4921
9928
3672
3629
3981
5248
3412
4899
8175
4970
5512
3837
4091
2541
6862
8089
4090
6413
7213
8283
1970
15
7287
1488
2567
9560
3543
9544
6446
9091
2863
2055
6998
8033
1691
1134
6147
7721
3210
2547
6593
9836
3051
5836
3088
1524
8697
4184
2560
9053
286
3336
3090
4331
812
7708
4728
6332
1875
972
887
2533
7070
7881
7728
3841
8874
3856
277
171
6442
8946
8325
2830
1134
3192
2157
4155
3776
1109
8002
4497
2670
4053
5812
1550
4192
563
7399
7290
8449
6416
1286
3323
924
8110
1719
6332
7283
5748
3207
1482
2589
3902
8681
3127
8084
1920
8907
9009
8347
8358
3142
6198
9191
7755
6189
4509
1954
1784
4977
5845
3000
984
8600
5981
8156
7736
9329
8667
625
5903
8552
632
7421
7675
812
19
3819
3527
1144
149
7473
6937
5797
5070
3869
1520
4049
3333
2618
4576
9354
1627
9711
7703
1296
522
4320
2097
5972
378
9973
3408
1321
6707
9022
8643
5644
738
6186
5492
2119
2761
1676
2651
9432
2939
6882
8282
8864
6694
5966
2533
1099
9549
4805
9249
1841
9339
4694
1415
3929
2069
1974
4694
5039
1408
6317
3472
4311
776
9802
4244
8263
1294
6089
1898
6215
8488
4022
5434
8116
5574
2819
1056
3139
1390
6627
2174
5696
6591
4682
7837
6646
2613
9561
3395
1364
4061
95
9776
3081
6711
7390
644
9441
86
2111
9960
2577
5703
8669
5935
8171
9521
7316
1267
6944
9855
8236
3639
2812
83
2710
4976
5550
8850
5170
2697
2210
9128
6536
1288
793
1525
3618
7957
1690
6505
1548
1792
7265
4826
6243
1913
7642
5413
1686
6426
1204
5158
2494
636
1624
5654
5632
9954
9348
7782
6449
192
4359
6215
3237
5525
8787
2428
1436
2336
2465
6583
3275
5317
1901
5795
1173
766
3264
8714
3524
846
3014
4090
9650
1721
5543
4061
6628
7941
5841
1272
4474
5234
6590
2584
7735
3951
3332
1183
914
5798
8382
3148
2376
7213
4036
4198
6359
3766
8261
7235
5566
1312
1556
1587
7430
1244
1953
364
5601
9195
6222
3242
4461
8792
9289
8161
8535
4648
566
6923
583
1704
5466
6463
1802
1203
2711
9713
5135
7164
3213
7393
7967
993
4278
4811
3626
6070
3703
5809
2084
8606
1891
9366
8975
5800
6572
3046
8634
7478
3918
1478
1267
2734
1889
7355
6515
8853
6510
7062
5730
5795
9427
2974
3072
5859
5575
9716
1181
4816
3101
2217
635
7734
3756
9274
3650
16
907
7523
1546
1750
4047
7194
2425
1372
3219
2857
144
2856
4118
9455
8233
9176
4808
6388
2695
3600
7975
121
5779
9575
8411
8863
8740
9354
4042
1244
5395
1371
226
4570
9829
6387
1270
7258
990
2877
164
4335
4132
2826
7376
4537
4053
114
2225
2434
7895
5040
5819
9284
5934
145
2845
1866
7212
4492
598
9400
3113
5825
7552
4870
6108
2591
494
8516
2701
769
8811
8129
9388
3587
6841
2838
7887
5810
382
4555
1245
8051
1439
3974
5575
757
6054
6069
3092
1970
3701
3412
909
7718
3112
4316
6603
9010
8649
6802
5947
4799
3378
8687
436
5969
9839
8715
2178
1460
7185
3599
1617
3972
3843
1042
9133
9308
8129
9431
5050
445
5367
690
3805
4627
8960
4028
7152
9403
4618
4754
8104
1437
1452
4193
2067
91
1025
3807
4081
6359
5615
9081
1449
6523
9899
6494
9136
9081
6092
9901
1285
2950
1152
1084
5953
4716
6094
2856
1739
2807
1671
2139
4370
6843
1734
4713
8487
1161
5437
2972
4922
2505
2093
2942
6525
3224
8010
7064
6288
2983
2886
4814
9925
3937
4465
4078
1347
6595
4077
2394
3518
6200
2392
8674
9103
2347
4287
2819
4971
7761
4053
2747
2167
5704
7351
5806
8249
9307
4301
4284
2061
266
8875
2768
1928
8815
3369
8492
7038
1665
3153
4488
8337
9674
6117
9351
9662
2433
3276
6731
2010
2637
1849
2282
3879
9169
9802
5743
8422
4135
1300
1060
3786
5760
5838
8012
6481
5995
9892
4673
8842
8979
8871
1246
765
4093
8860
2257
2744
5210
2212
5949
1963
5996
8355
6797
5684
9629
1408
9527
6512
117
9117
741
2234
1600
3458
7329
8902
1425
1830
9199
9561
2592
9197
7549
2618
1263
5749
8896
3219
5393
1701
9387
8207
1294
712
3526
234
5929
6050
6397
9438
4123
9129
8691
1710
1454
8320
9424
1040
5637
7056
2072
9687
1415
4143
6059
3983
6598
5953
7012
5472
9786
9682
6010
6787
3522
9226
164
9167
137
394
4315
3838
1402
157
6364
2637
7251
5406
6805
4175
3287
326
6414
622
1571
7876
4728
6744
4286
119
5912
7236
5254
4176
7966
569
8
5429
5812
7573
1141
7266
8729
847
1997
7154
7876
6645
8413
2086
170
4419
5192
2586
671
385
1243
3343
6813
607
4954
298
4286
5937
9205
8527
6224
5885
3696
2632
4430
958
758
1515
3829
3373
9660
2381
9074
4161
3580
4614
5291
615
2874
2777
3302
1830
8033
9390
3378
1626
5834
2383
532
7524
2567
9147
8706
1690
8947
8985
779
4701
2339
8387
6307
5874
3271
9091
9112
4494
4839
7121
2400
4738
5602
2144
9982
3357
8813
380
8309
3228
3431
1034
5578
7812
5269
5762
924
1207
9822
3029
8871
6023
1866
4391
1621
6627
751
7713
4519
8423
4454
3113
8072
4799
9932
1042
3297
2122
2078
8310
5825
9739
8687
7115
8201
6318
4218
4153
9111
6079
881
1757
2914
8447
1561
668
2751
2512
5478
4527
5778
3289
4093
9459
9609
238
1746
8241
4940
9755
2802
7435
482
2407
4646
7623
2853
2600
3775
1403
5862
3022
465
1170
764
8762
5986
8865
1459
6280
5207
2853
6390
575
6557
2890
1928
9831
795
2734
413
569
9789
1382
9688
7933
6624
8118
9981
5094
8739
3637
8262
2972
6496
9330
9866
6485
650
9498
2050
6333
3480
6729
4454
6004
10
8989
6945
2087
7742
8044
6219
2275
5526
2774
8710
9488
4872
7660
8850
2451
9819
6273
8526
2736
4760
1922
5705
5822
3111
2822
7631
8996
3546
7091
6734
2117
4705
3692
5457
8150
3697
9030
9562
9194
8541
5344
8185
247
9742
6235
2868
7377
1619
6760
7131
9144
9706
306
2753
137
6576
2206
8871
3298
4778
460
5233
3368
2214
7273
1527
7198
2266
1194
542
7970
8252
8559
4129
9408
9354
4691
7402
2970
3112
9823
8450
5698
7729
2076
7916
8908
6012
9993
5260
8240
1586
116
6265
3708
7155
846
9375
4345
4085
2485
6858
5783
2320
4736
447
721
9762
7166
106
1559
621
5212
8892
1723
2966
4116
6480
7193
6742
5879
8872
2574
4833
9789
2029
6677
1425
5354
2754
1038
3864
7612
998
1060
6508
8662
3944
3511
7620
6021
3740
6037
3295
7938
7528
4016
5587
8158
561
7596
5553
7775
620
7082
5754
9832
4677
7984
922
3067
6841
7964
9930
4844
9939
6693
7028
9715
1833
6205
5345
9273
1494
3705
1089
1026
9234
1000
2584
8836
50
4723
4297
5176
9018
9344
2370
5907
2893
606
4778
1572
2618
443
6263
5320
7347
5747
5400
6479
1744
2359
8790
527
4811
2609
5245
752
322
9370
1062
4245
6059
2149
5999
5036
1443
1019
8402
167
958
2364
7086
271
3759
6333
7041
4854
8271
9674
5801
3866
4239
9179
7403
1403
3705
373
1265
4391
6676
3246
4033
8997
6872
1883
3455
133
7889
7619
4693
4936
326
6022
1129
9374
6016
6429
3681
8244
6341
9026
4922
2737
7813
8549
6897
6473
9589
5541
4394
460
4383
5822
8703
9777
6391
6325
336
9937
7234
781
3117
8890
3698
1866
6110
1390
9099
7362
4378
6077
3466
6670
4320
2016
6413
558
4413
689
592
1417
7598
1462
2874
3519
7265
3400
5082
2734
4797
3983
5994
3050
3001
5741
1590
2798
6375
5128
1066
7003
6146
4036
2030
3498
5269
3314
9442
9521
6189
9319
9387
2397
2040
9131
554
2631
191
7367
3421
191
5574
7735
9586
5146
35
5419
1408
1919
3148
2182
5204
2360
9361
4705
9591
6642
6120
8044
4268
2508
7726
373
3507
2811
59
2174
2939
8480
2023
2923
7847
9055
593
963
6085
5745
7695
7748
9020
2621
8758
5935
9415
9979
4802
1878
6077
184
2148
7044
1240
370
6452
9538
8171
8259
654
6519
3290
7064
9659
614
9202
2935
8069
8603
2488
3751
1153
8636
2827
1174
3363
3044
8102
8848
3188
7366
3484
8373
7909
2694
1191
1260
6887
7609
1606
9450
7454
8055
5747
9206
3151
8341
3684
3148
110
4131
3468
3075
3695
8750
337
1811
4184
7441
6553
5790
7226
301
8072
1335
2093
3536
5451
6662
8313
423
2870
8541
9201
7879
966
7208
8993
1919
6290
5683
8826
5435
2640
9907
5640
4700
7237
4320
7231
6824
7825
3371
6144
8944
5064
3285
4876
1391
8358
9918
4938
1285
2171
7971
2731
38
4251
4000
5912
8133
6768
660
4925
3177
6315
2492
5751
2722
8964
4128
1532
1652
2128
297
2738
4992
5842
3244
7775
982
2264
7246
8560
5904
3692
1804
8447
1775
6191
4786
3157
294
8059
4302
8821
1667
9765
3408
5154
4858
4777
4892
5862
6637
8713
4312
2911
386
7644
8249
6003
2049
5047
1276
3736
9826
912
9562
8301
6272
5795
1204
1294
6296
7247
3388
4237
2232
5978
4338
3753
7636
4331
3586
7970
4742
254
7604
7714
6613
5764
9064
3319
3971
123
7064
5448
8360
4431
2567
6272
7895
6122
7965
5494
9173
9009
2223
4307
9083
6922
3348
9148
3257
6750
8088
6308
3672
9734
4701
7887
6518
8244
8398
9382
2885
8951
627
9267
9014
2289
2774
1344
9938
2424
2013
1327
157
1555
2096
181
7686
7301
4660
8048
3270
2195
7268
4262
4869
9828
2872
900
8607
3078
1613
9608
1303
6045
9964
4019
6427
2788
4116
2985
4865
2774
4170
3049
4231
5082
3247
2127
5630
817
929
189
4758
5942
3577
6877
5008
4790
5030
494
3855
7902
9940
7521
233
6486
8580
6954
9797
9817
6335
9124
7058
1202
3287
4395
8188
2720
9325
3138
5997
8931
8019
4749
9020
4948
8135
87
9987
4838
5128
8722
5014
2199
6191
9606
3799
5927
1515
1408
2817
674
1324
6633
8057
3333
2897
1871
1188
3975
4357
5031
3230
2119
2276
9265
2750
6930
8316
2444
1427
3035
6065
491
8416
1990
2971
2664
6355
3109
3867
6972
6102
6385
1962
4301
4308
4517
363
546
7815
683
2207
7052
1505
3635
306
1048
1718
1931
7840
9346
5658
4680
81
601
8283
7033
3392
3663
2113
4863
1817
2156
2126
4529
3455
8317
7406
469
8528
2337
3631
5450
8538
6983
5595
5768
1249
1101
6957
6397
9358
9765
5223
9185
1660
3287
3532
522
4286
2096
7254
3627
6158
9559
2648
4561
7172
244
6835
399
9867
6807
3235
2606
5277
4738
4243
8605
1554
532
3438
9747
9541
5477
2864
4467
2930
4262
7083
1282
1917
4829
4551
7452
8315
3529
8648
5632
6984
7502
5219
2649
3137
4452
818
1647
7578
8476
6033
1290
2256
9472
1256
3445
6668
2789
8020
3829
1566
5254
7665
8469
194
3460
486
2512
8875
332
2756
6913
8099
6343
6062
2830
2528
2495
3221
3186
3285
3197
7753
5779
8749
8490
9311
2572
714
6769
5820
5344
1183
1051
4121
8763
1384
4169
4872
8115
8609
821
4187
415
8404
7331
3992
4451
9310
3174
5493
7397
4891
1847
5268
3108
3065
2511
1488
9902
5936
7972
8579
3744
4246
9040
2216
6071
9327
71
2972
4211
2002
5596
6168
6314
2299
3320
7506
2058
5989
4532
8944
4967
4009
8925
6891
2146
8644
7229
5340
2469
5962
1670
9787
4799
7463
1246
3944
3720
5143
6073
114
1404
3272
2674
5871
773
7041
9935
4216
6870
2952
3715
1704
536
8325
6583
9249
858
7615
8026
3269
642
1383
9584
612
2207
9689
8877
9337
9153
5454
6223
8813
3461
4900
7656
6850
6260
1572
8547
8590
4909
7621
2754
1778
8652
1068
3232
5651
63
568
1386
6208
9698
9833
4105
8884
6975
2325
9365
764
1131
3087
3569
8393
2318
8655
6388
3963
4378
7867
1751
2197
7639
6101
6863
2606
2214
2971
4642
6961
9697
8832
8811
9803
3893
8584
5029
597
9307
2218
5901
9747
9428
295
2507
7100
5598
9117
133
813
1179
4765
1350
6452
5098
7333
5225
1115
3419
6734
7548
4965
7567
9245
3240
3094
3034
9627
8783
3900
2985
7065
9485
6260
7028
4465
3637
6727
6612
9705
3233
9673
4993
4310
8827
7861
1536
9742
4288
8280
7212
3984
5756
8240
618
1438
7959
9697
1552
7270
154
5590
2257
3307
3460
541
4822
6333
1117
9728
6874
1202
3275
3922
6745
590
8329
5762
3544
388
3550
2179
7229
4743
8740
525
8687
7601
8025
1485
73
8213
6515
107
1222
6536
553
7397
8805
695
2518
8842
1110
2777
3760
2972
2782
1071
2141
2573
697
6618
3857
3547
4249
9388
2752
1586
764
4765
4173
4770
9494
4147
4559
1032
5709
4390
2423
3007
9775
9624
1172
9207
4766
5516
9267
9706
190
438
8668
6532
8681
214
8188
3837
7139
3112
4422
590
3754
9577
9241
8985
7548
6837
9522
5074
7671
1957
1695
4234
5529
8177
1031
2985
4020
8443
3118
404
4623
6931
2910
6944
4931
4044
4949
5773
6301
2891
6861
1972
3736
5570
7080
7867
7886
5709
6914
8570
2062
9675
6502
431
5562
2613
4019
6475
8290
7048
7547
7177
618
1186
9444
1927
6769
1214
3763
6410
9618
6945
8266
3803
9719
2945
3971
3133
1641
7940
6749
6476
6226
3731
7530
7743
8260
1103
9884
9738
5245
4309
6362
2899
4422
7567
7902
8649
2032
6716
3761
2688
906
6699
3027
8661
9908
841
2542
671
1504
1045
269
3863
1779
8959
7556
5918
601
6943
8552
8712
8313
4223
117
8636
9313
8012
947
6082
2211
1582
4376
9490
856
1250
5321
6999
460
2116
8185
9212
8296
7965
9179
9910
8996
4248
3487
7613
352
4270
4982
9833
6694
7824
3769
3583
3423
8364
4752
236
8087
9529
8628
197
485
4327
5226
3014
6743
617
7971
1518
38
4656
7368
4398
3696
435
906
199
766
6271
6520
7151
7866
1717
6855
7489
59
7211
1984
1910
7862
6114
8920
9747
7079
3753
7318
3019
7098
957
2063
8062
3529
174
5143
6706
6624
709
1110
69
7778
5898
2748
1957
2597
9095
6148
5593
524
7226
7272
6936
7796
383
5329
191
2646
3410
1775
6307
9098
794
7638
3206
8410
9267
5957
7301
5338
3509
650
9444
9702
9079
7843
4891
2456
3270
829
6057
9445
9002
5198
8919
5341
9021
6392
8747
4859
7704
7985
8525
8307
5600
5298
3891
3744
7458
5636
1737
8594
7929
3376
5682
9432
434
5427
572
9818
3696
151
9891
2587
7392
763
4483
4776
3002
2404
8360
504
8520
645
7539
9542
5943
7990
810
7083
8637
4105
7148
3229
1612
4973
3078
9134
1484
5922
4708
378
4497
3607
3392
7182
344
2377
1018
5345
6741
1203
758
1428
4695
8364
1808
629
7256
2416
2093
6043
5148
9624
1239
3548
1155
5
7181
7448
1369
6404
3723
8162
5487
3593
3072
4749
243
7329
6920
1884
9742
6465
2008
2987
3974
4772
1248
8668
2118
2957
9491
2376
375
5508
3782
3205
5009
1458
1590
9182
55
2954
6871
3030
5700
574
3088
6415
7745
9770
4337
7962
751
8493
570
4991
7473
2117
605
8786
5026
8083
7053
8540
3832
9362
613
9594
8877
2776
7268
7511
4052
5515
855
695
9417
754
5179
738
8119
1188
4414
1517
4404
7508
7860
5153
6647
7372
5322
5404
9673
9271
2313
6776
8750
4805
121
726
3616
2404
4345
8672
4623
5242
6950
5223
4685
6239
1092
4032
81
3393
5034
2984
381
9441
1301
5037
2748
840
9909
5991
8718
2421
9967
674
2164
5703
2247
4622
5638
832
6428
9166
8500
4358
619
4051
4347
7701
7517
3185
7132
3987
1067
5936
5050
4225
9882
8502
8789
7253
8812
7326
6068
1772
8055
9250
7504
2893
9973
1190
9810
132
7401
5450
1094
8508
3633
5492
9567
9549
3518
983
1400
4349
7110
216
5625
6582
2213
2653
4009
9379
9782
4259
1652
6317
6647
3517
9678
3414
3323
6616
4853
6001
741
6137
2210
1610
8691
8747
5854
7593
463
3933
9974
111
2732
7571
6810
9318
7086
1286
832
4126
9744
970
8691
8724
9019
5556
2665
2234
5848
244
1242
2301
1316
6692
4259
3208
6536
6414
1589
9207
4458
2586
3743
4136
220
9790
9955
9114
6525
836
4334
1141
3166
4726
3480
6742
5340
92
9600
6483
3630
3965
1612
8103
9697
6633
2973
8332
5578
9496
9049
6000
1278
4355
8734
1998
4822
9337
4700
4813
1348
8824
4204
3918
2931
2146
7659
7128
8848
8560
5361
2173
6770
4098
3651
7223
8963
9221
613
9841
4013
4915
7932
8977
3797
8843
9949
9960
7489
2482
3132
8215
9222
4804
9206
3401
3700
7955
2993
2055
4536
5684
1660
3437
3381
5777
5503
266
4008
3665
1686
3288
4439
5518
1385
6209
1922
5660
7706
5452
123
4944
6430
7367
5218
3812
4144
4086
7787
6249
8642
8032
333
8543
4627
4247
6088
9836
3671
9168
3346
9815
1159
4263
976
2586
4527
2998
5024
4751
6473
49
3318
18
4020
2353
4870
2311
9322
2625
3525
4251
938
7321
783
8150
4904
2651
1018
2191
3416
4235
3419
5358
5166
8256
8888
850
5474
4543
6867
9212
6208
4953
6607
9214
5220
3586
9732
6639
2511
8929
6138
8573
5665
1848
3231
3518
225
7497
9294
5729
1653
3685
5405
5520
4228
3001
6699
5993
8868
1103
3044
617
6196
8965
1204
5389
3396
2599
5431
3957
3408
9773
1106
3973
2827
9623
6500
8236
511
7663
1031
4688
2359
5688
4522
5259
8959
3338
814
4666
1897
5668
906
6838
1387
8971
5247
8387
2609
5335
2227
5696
601
4898
38
4620
3929
3657
2075
9539
5451
3784
1829
1548
4467
2907
1835
3965
8286
8562
2637
6992
2825
4122
1993
2368
1236
2915
1546
3166
6766
7939
8068
3503
1031
5616
9037
7848
1750
3374
7785
9883
4597
2484
1768
6407
2272
9544
8565
2656
156
2276
8190
1582
2015
7909
6967
1142
1038
5280
7824
440
1271
5050
4150
7691
1954
5912
9574
419
2618
8530
3985
1016
9949
3100
6899
8875
8324
871
2895
3674
4752
4748
233
3039
5456
9201
3045
1862
5766
5065
9463
9808
7175
589
2967
8183
5407
6048
1854
7282
1189
5627
2234
547
1038
6913
3245
2453
8836
5280
9272
2885
204
7762
2884
1972
786
8561
3927
5818
6411
6266
4746
5394
7826
1053
8875
7961
5169
8667
687
2832
7716
6833
6483
1026
2524
8878
3287
1420
1580
8822
221
4376
804
1971
8736
7504
5819
5113
2231
7207
8819
852
2603
3977
8020
1304
1142
9013
6223
7398
3853
4671
7830
1393
6749
1507
4273
1847
4964
215
6289
2244
647
7648
7717
6751
8477
2281
9573
9202
4423
5961
5029
4245
2854
5631
5651
2862
9510
782
6720
7954
2979
9868
4814
9546
5304
1627
3954
3307
3165
5325
7555
534
4642
7320
2196
2558
3010
9983
5788
7569
8248
3065
7108
3298
8954
6852
5862
4693
2250
1109
2441
1742
6898
3718
4376
8946
5351
8176
2122
4596
3722
9671
235
4961
4792
5320
1292
5775
8071
5335
8959
1006
2665
8382
3495
6772
3239
6203
7695
6504
6715
9686
3761
1964
7527
1000
1927
3571
2210
4169
9805
2644
9907
9487
7344
7616
3985
5587
6070
6071
1347
6613
2858
4532
273
972
7833
8318
4664
2439
3241
4530
2404
3996
5112
2218
8233
9741
2356
5144
6995
418
8597
4193
1423
3709
460
8453
9717
1265
2319
6253
2100
656
1559
53
2248
1918
309
1953
9053
5147
9291
9828
6511
7769
6945
7606
4698
7471
2305
7046
2800
9607
3239
2529
5900
5861
2624
4828
897
4401
3767
4617
3280
378
2965
1530
5772
9645
1494
39
1843
7882
1485
9067
1986
1921
194
8335
8297
9988
4943
735
3379
2859
6713
6708
2891
8434
3741
3546
7154
8146
7793
9805
6148
4773
4833
2645
3965
7745
8677
3761
3323
3797
966
7819
8092
8006
3235
5820
1957
2612
7245
4658
4326
8814
7828
3290
361
9778
8477
5393
648
1444
3641
8157
7395
1429
3296
6966
8317
5297
4707
6107
6384
3781
3526
6349
3459
4164
1356
1288
8535
3949
9762
5671
6759
5197
1305
562
3685
3481
6662
2186
369
6240
3130
3564
8758
1536
3895
616
3620
9692
9327
7345
6761
7094
1257
7907
1641
3565
8714
6883
1682
2149
8904
2953
3501
2893
370
5266
7143
257
6192
6308
8951
7166
3870
9824
9144
7393
5100
7434
5398
1951
3015
3003
5773
4500
6707
9520
9177
5357
2799
9269
9213
3667
1706
4423
7761
2518
1836
1834
7909
2329
8424
2752
1974
3749
4974
5491
9245
2424
4333
6645
9839
4552
3319
4345
5576
3903
9522
5281
6140
8115
1399
5730
8977
4522
3112
5654
4316
3490
3697
4110
2552
316
6084
3659
9772
5100
5270
1233
8658
3683
6500
3027
6230
1749
3698
1352
6898
8481
5603
2143
9202
5787
2061
2780
7225
4055
5745
1291
3192
5604
5210
9581
6024
2614
3659
5363
1739
7115
4015
9683
5508
6866
5013
9571
1884
2396
4857
8202
9291
7321
8751
8205
7183
6142
4056
7261
9482
1191
2184
8966
5849
3104
9489
6107
3158
7285
304
7929
3138
2172
4107
7793
8559
3817
5312
2654
9574
5267
8587
1241
3867
8555
4825
3508
9113
1717
2836
9948
3912
3201
9741
5717
3857
1253
8587
1145
2662
6438
5239
7196
4406
1327
7799
1688
1843
2544
896
9700
7464
6882
4103
9472
8551
4992
8382
3324
4787
3261
7007
1654
7190
6955
7732
6897
81
5405
1087
3484
3609
3118
5652
9317
2959
9014
4909
4020
1771
9723
1847
9350
1543
1826
6880
7525
5817
2257
1837
3946
7820
5691
7782
1832
2870
2688
7259
7597
2364
2582
2192
7468
4438
686
7096
7798
7502
239
3538
3819
6757
5713
5852
4125
550
5573
9991
1140
2938
9420
7109
981
1207
6528
949
9680
2255
258
3478
6561
9705
5541
6307
9726
4441
4708
6391
3045
4832
279
3278
8849
9335
2059
1732
5590
3416
9806
7948
5144
4727
2136
9770
140
5376
6853
1333
7741
7764
7903
381
2597
943
9349
2133
8402
7763
7335
7026
4397
9148
6880
928
462
778
1508
5467
2029
9185
244
3036
3929
8782
8279
5699
530
8748
4751
9760
8012
8805
3505
8067
3498
5939
453
249
4883
9892
4195
7057
4673
3855
4952
8705
949
8219
517
8720
8600
9453
6958
4153
4433
3231
6072
229
441
790
1257
2518
543
141
8347
2519
7459
9257
8256
3207
8025
6656
3769
9507
7212
5875
3767
4957
3395
4269
4261
9863
8
3296
7198
8148
1616
6974
4728
9801
5644
7576
8805
3318
4541
2759
3376
7879
6986
6343
9186
8112
887
5714
9284
5270
5412
2446
6659
7379
4031
9134
4145
7501
5668
4703
714
3658
6438
2431
7581
6111
176
9840
2177
7764
1978
7241
7955
1223
5319
2211
3269
1716
9952
555
3090
8509
4772
435
3217
8720
7092
5239
7811
6502
7375
2509
7578
7445
6341
781
7723
2761
9633
3532
1945
308
3688
9633
1134
9840
5347
2624
3204
8004
6863
6988
3552
4554
7433
8145
3986
5003
2165
4342
1652
6517
9462
2823
8505
3238
8224
9709
6135
4412
6962
2881
424
3717
7974
9812
5400
1000
1019
7771
5930
8280
2646
2134
4431
308
9222
9616
7661
6230
4046
7158
5817
3007
1477
3962
7677
3066
3923
3652
2327
8433
752
5944
116
1036
1712
2358
2943
4237
1267
8455
6701
3759
4441
5930
6766
7141
9186
1436
786
9604
5090
5473
1723
770
3338
3883
8067
1097
8189
6539
7469
9048
6023
2667
4656
50
3953
9920
4411
6121
6417
4769
5662
649
4732
5110
3266
6297
1639
2048
9953
5232
71
6768
2068
9966
3007
114
9256
9980
9170
7038
27
3991
7517
5439
2264
245
2029
9088
174
7531
7105
7284
6914
7744
3071
9711
5190
6788
703
3554
6496
4346
3527
1334
3334
4641
6652
2185
7760
9677
1381
6299
3897
3656
5494
2153
1689
2276
151
8762
4083
3436
5699
723
92
6512
310
2059
1730
5800
7346
6024
3688
12
9621
1894
802
3753
1314
6559
9850
8805
1192
8199
9042
2744
4015
1756
656
9923
519
1018
9725
5166
206
148
4434
3678
5329
8267
1901
1589
8922
4300
6444
344
4491
5723
6059
4698
75
4069
6875
8471
4802
2086
4624
4418
1741
2313
6814
4561
6923
4480
9191
5189
696
9642
5355
6316
4265
2227
8922
8883
1219
7305
3510
4215
1102
9261
7011
9334
9720
9840
3084
8614
8716
8021
4639
6947
5218
1559
1183
2117
844
190
4327
4384
8212
3485
3519
9437
2239
2108
7101
6786
2990
9850
2167
9474
6604
5241
388
2508
906
5732
5948
6837
2727
4526
6055
2864
4671
9954
4104
2536
62
9972
501
1823
6192
9844
6412
6073
7584
9344
1222
9169
3004
6939
5425
3653
2182
2300
6759
3082
827
5261
8985
9750
5393
8825
9443
611
2293
6247
3680
1745
9755
7310
2859
7037
4378
6947
2410
9871
8576
135
8429
7583
9579
574
1721
7187
5410
7106
8037
7455
8381
1037
7077
6807
2016
9589
2114
8692
3041
5525
6731
6112
6107
706
5085
4801
5239
1768
7358
176
2663
9435
2607
6648
2629
9067
7115
9121
5105
8968
7492
5590
1834
4696
4296
6641
5118
2180
3751
2321
7919
9772
2234
9412
2407
9559
662
2400
2881
1209
3637
9618
8188
7450
1273
1959
8200
8842
9992
5323
8682
6963
2259
9543
8989
9327
4226
5904
7423
6396
4549
2575
9777
928
7277
2288
7658
2528
6631
9413
4468
5783
1739
4207
8624
8632
4957
488
5515
8742
8252
9204
2003
9552
8350
4483
9848
4407
2784
607
7334
6716
5843
8043
1596
6445
5499
4216
7673
8406
9849
9982
4135
5789
4338
5913
9299
3170
9085
3479
6513
6838
9013
4920
1738
6699
8161
2220
1783
3234
3545
9952
6911
5040
3250
8976
7282
7338
8045
7967
8687
9483
5754
7591
9404
4
2863
7757
6625
989
8369
1853
7890
9736
805
3096
210
4491
482
7230
7196
2854
5560
2677
2352
5938
2298
3940
4957
8751
7007
6569
3453
7421
9619
2340
101
6854
6568
1400
9828
8239
3689
4106
5640
4378
8270
9029
2755
2255
3010
5180
3691
6497
3680
5889
6966
4391
6562
8961
2749
3007
1374
2768
9852
1619
315
720
9774
8103
4108
7230
5174
6293
1475
6711
2099
2355
9358
3409
7572
2180
7356
3956
6736
8506
1382
6402
6658
6036
8301
9183
7084
5166
5480
999
1991
85
6569
7891
9603
5032
7610
6950
2699
3239
5598
7016
5481
6712
5022
5525
8077
1435
6554
7183
4832
1769
6084
4579
7905
9912
1591
3011
3476
1082
9949
1838
3808
2803
5726
2453
4824
7121
9242
8663
5439
7875
1748
8648
1921
1253
1420
8985
7760
6787
5073
257
7174
7654
6975
663
8231
3701
7960
8766
9817
7960
5146
8972
5181
7605
5007
3725
3638
3231
291
4465
1155
6204
4324
9408
19
2348
4607
9922
7533
1723
1325
8863
3825
8436
5331
3624
9192
1472
4523
3832
2173
7414
7117
8662
522
8535
5267
1519
8630
5284
2731
531
6565
427
5816
1679
7877
3241
7737
7712
5587
6066
2677
9
8374
2228
7341
2488
1850
3931
4618
6312
3068
1020
6046
1701
9887
6726
7262
8416
686
4446
3295
9700
4069
434
8691
5319
2641
856
758
8183
9745
8096
2959
5544
3105
420
9429
179
4752
1156
936
9172
2282
8375
7195
7881
2580
3759
398
4540
5408
9809
51
6566
981
7807
9777
3064
2544
5103
2608
9331
2313
9167
2473
8185
6667
7603
6072
9860
4409
7851
1162
6895
135
7653
4353
2955
3251
7543
4002
4836
2030
9572
1471
5067
1255
2305
7148
8432
1444
685
5915
9533
7440
830
504
47
4233
4003
130
3763
8276
1080
6106
4630
3284
8664
5786
8100
506
674
1070
8842
4832
4723
8004
8568
9716
861
9510
6118
5868
1405
4192
8255
963
4448
332
3662
170
414
5660
4535
230
521
340
9844
3010
8406
2679
1878
8005
1313
4540
2967
7061
5219
6149
2454
8786
9080
8082
4896
4551
6972
1537
9271
2768
3320
6737
5510
3207
5629
3245
9070
8544
1202
5329
6470
6013
9126
89
4702
8071
6549
6039
5266
7341
8671
5027
9214
7712
5227
985
3021
478
2310
4826
6373
1638
7293
6011
2039
4095
6371
7813
4851
6374
8750
5071
1560
7698
8875
389
5797
7788
8271
7151
2714
8594
1522
5452
6033
4300
6727
127
6129
5424
9360
8414
1585
2609
9888
8470
8194
5779
9725
8958
8784
4729
7134
4226
4433
7969
4562
9215
2661
7607
1534
3175
983
9454
2731
1505
4876
9135
9153
582
7637
6995
1391
1331
5874
6826
7916
3459
8443
6060
8068
3766
8539
7956
8908
8757
8328
9522
7516
3915
3034
2452
5435
9384
6716
8181
9954
4607
5076
2317
7726
2481
1641
8171
9803
6980
2363
3889
3598
6868
300
2764
6505
2133
6389
1714
7956
9060
4550
8630
1538
4495
9354
5317
6474
9782
2304
9081
8226
87
8426
2685
1306
5395
8320
9346
3440
5333
2048
6717
9183
1135
351
1406
2797
4592
5541
3455
4738
5599
9127
8442
3462
7068
5724
3379
4428
8371
3159
1421
1142
6259
6764
9550
8886
5217
1836
2867
387
7628
2004
8890
4067
7761
2779
5355
9792
2632
8984
5401
4029
7045
1953
4765
6205
9797
7373
6591
719
2903
7494
840
4537
5993
2058
6916
8588
3552
731
78
2285
3568
6106
4513
4414
2317
391
8503
360
1519
818
26
5170
905
8446
4364
4331
1348
2620
8794
9282
1145
8592
3274
2672
784
9001
216
9153
9595
833
859
1133
1017
8233
563
5276
1953
8144
431
4823
5622
95
8029
4806
6661
3691
5746
2103
1834
7337
1315
9938
9635
9585
1364
6912
7331
92
5539
3943
4523
649
5668
8599
8198
7989
1745
5207
5413
9165
4071
884
6235
7161
8816
2133
1404
9095
2455
4042
6262
1911
9074
4257
4946
732
3376
6909
6601
3229
1353
7427
8373
9273
82
7819
8390
8910
7843
3387
5538
3284
5876
6063
1895
2486
3479
6643
7967
1537
8860
7980
480
707
9186
3933
7443
9188
4615
4284
5407
1793
2742
4178
9433
6781
1839
7714
7125
9182
3578
9239
4280
8054
8484
2628
1210
8009
274
8366
5561
5018
8451
624
9629
4032
2064
1650
7542
1285
1345
8807
481
7237
8127
369
6123
7135
374
9787
1883
4848
957
4551
210
2278
5886
5022
8174
972
2595
615
2911
4808
4623
5603
9082
2597
5023
4450
4471
7304
7200
7080
5040
4177
8500
7766
1379
3579
8867
7434
4297
5527
4130
8089
8530
2035
1089
9801
9999
259
9462
5232
3886
4102
3974
4032
7900
4479
8386
9606
7531
8752
2101
3718
7866
7974
9148
221
9540
6546
8781
7754
4840
2621
6742
2723
3579
9204
6285
8061
7428
5233
8489
328
5642
3168
2091
7567
4771
4586
4082
2988
9855
8137
3677
5033
4871
4829
3885
2666
5734
4050
6900
5847
29
33
1784
5042
3845
2490
5514
373
7562
7076
1372
531
9249
996
1844
3959
6464
6617
6755
9935
4664
1245
1173
5211
3176
4364
1779
2610
7759
4595
4876
1630
2121
7376
3951
7475
9478
952
9834
4210
9183
2624
1858
9728
2828
9450
4174
5112
8774
7529
7365
8620
4034
1911
1874
4998
7678
4714
6383
4131
469
2568
1265
9136
1310
5690
4495
2908
2291
22
4983
3885
572
709
6233
6311
7190
9917
1388
7644
9967
4497
9290
5923
149
9299
14
2878
125
115
7456
4369
2660
6145
6071
8326
422
5651
8573
1805
8281
39
1548
2976
9837
991
6295
918
3963
2461
2947
5934
6730
4376
6934
5797
9066
7674
8197
8760
688
988
5202
2522
6456
7688
7785
9393
2116
8285
5109
1828
2628
7266
7628
9264
7730
5301
4830
6681
6234
7468
3757
7690
2618
5666
6826
140
6969
8682
1312
152
2032
6534
6991
1342
9190
6646
2926
9569
8580
8181
9139
9953
7212
7422
4004
2160
2973
1479
3600
1966
1680
9801
4962
1997
9000
2975
1226
2164
8936
6119
2947
850
5890
9813
6590
1123
7791
4957
8086
2432
3726
9206
6672
7093
622
1701
1802
2637
76
9705
3810
5623
8204
5446
7235
9876
8506
3981
4226
2261
192
3212
4306
2115
2132
5339
5891
6201
5668
4946
4464
9713
7890
2714
2037
5213
661
5304
2658
5664
9666
1347
9096
4723
2067
669
6565
7343
977
8893
359
6375
9874
2390
5626
6356
344
9165
9141
3946
2096
9728
4915
5601
5028
8262
7743
6953
9361
