4219
1931
1119
3694
9454
2705
4488
8235
4729
9220
9285
3488
9985
4150
1624
7485
6367
3645
335
8623
7315
3423
6997
5776
1402
6824
1689
1682
9431
9725
7997
38
4730
5871
7324
1815
4829
188
6999
1728
4728
6938
8834
1495
6813
4208
4794
2537
169
6137
4293
7136
2481
9556
3231
3679
1043
2244
8356
8618
5469
5900
1791
5029
3629
8091
9617
5242
4070
3932
5335
2919
2688
84
3667
8176
8830
740
2726
7859
6106
7731
2849
1918
6215
4607
8578
6000
9863
7620
6175
9810
7454
4890
2844
593
3654
8741
5394
1157
4161
5147
5471
2272
36
8586
5668
9983
4838
176
5853
9413
2434
1920
1856
7952
8859
131
9307
2391
9879
6653
3862
6520
7031
7377
5294
7993
8799
3721
7037
5823
348
4248
4616
2808
4752
389
6110
371
1025
2373
5321
6850
9418
8889
3610
4068
2420
6737
9526
1233
722
4818
6282
9600
6946
135
5904
6169
6438
2194
5447
9741
3573
6184
5048
8078
4117
4592
9801
600
9023
1570
7440
7112
2694
4278
1621
9358
9256
668
6266
8869
3631
3748
9852
1536
354
8224
9778
6594
1943
6591
6063
5323
401
8257
451
2646
9954
7083
1741
3016
6460
9827
658
540
9148
438
7891
2093
3250
2864
7076
1328
7949
8117
438
985
2624
9693
8569
625
5800
5122
7393
7055
5457
442
4757
5065
6371
8671
6265
6848
23
2977
5014
9475
5275
192
2688
1140
3497
542
103
8556
114
5030
3759
9820
5647
2772
1195
9360
3233
6789
2036
4161
6351
8215
3480
3355
10
5724
8697
6499
1010
9070
4108
9358
8056
3096
6823
9875
485
1267
6687
1143
5156
5900
8284
2670
4643
5569
7053
5990
6321
8890
207
5774
1118
7870
7553
2984
2787
3301
9503
2333
3388
9327
9560
2340
8322
4196
6424
2602
4776
9519
6443
9553
688
842
634
8959
7466
8274
1728
649
8616
7036
5765
8599
8142
4343
9673
7344
7138
791
935
3970
4350
1576
7976
3382
6626
5291
211
3468
8186
5770
4853
5853
3403
5550
3484
7449
6412
7847
5210
7775
2264
7654
4737
7078
8592
1537
3129
733
3761
40
6188
6075
7371
6212
406
8858
1611
8691
9274
7879
7469
8057
3352
7938
8069
685
5959
3282
2524
5224
2603
5955
7623
3001
6342
6059
1354
5139
3148
3828
1865
5996
1045
6649
7766
4634
4313
7659
880
3477
9344
6415
499
6052
1916
6264
9017
3762
6538
7517
2402
5007
7342
285
5381
8670
6521
5959
458
7948
729
1669
1906
9835
8032
7823
745
197
8030
4799
4364
4258
5574
1246
4948
7632
4152
3074
4145
3528
8456
9175
7507
7666
6902
7222
1179
3606
3955
432
5015
7691
8980
4134
842
4600
3065
9143
1971
1660
7730
7514
191
2439
9809
5053
9473
7958
4882
4126
1402
6855
7598
9779
5966
4234
1014
1934
2727
2609
8597
6536
1646
7351
1960
8920
9865
3336
4600
3367
615
9130
6879
3871
3058
9969
365
2435
7391
1040
232
2924
7788
8120
2905
394
6883
3505
2377
8159
9423
1346
2695
7394
9414
7986
6014
7018
4656
9721
5288
4753
4913
2513
8210
3865
5094
5613
4303
3834
2869
3815
225
7444
848
1089
9273
1169
7143
1733
9867
553
4474
3865
4317
7368
7255
4054
3608
696
8123
1207
6119
9851
225
2457
8175
3028
9238
3701
2204
1944
9596
2715
3860
9364
2664
3304
2953
3375
719
4824
4259
9549
9514
2598
3375
9715
3911
1230
9676
3974
5645
4649
3080
791
9589
3804
3919
8530
5099
5395
5445
631
1974
2741
6708
5791
6350
2968
9451
3953
478
3040
6428
8707
1722
874
156
6763
362
6735
446
5605
2820
4443
6297
1082
6779
1534
2732
7785
7333
2446
5975
6349
8793
9037
996
3492
5047
8328
3927
2548
2489
8192
8073
4566
3444
7932
6341
2571
4754
2153
4789
4551
5705
3158
1691
3891
1859
9213
4021
9549
6504
3454
8589
2055
9416
960
8194
5619
3417
9561
4101
1053
2828
3337
4923
9003
4311
6423
8531
8097
9836
8756
8048
7963
3564
4675
5128
2847
9246
9939
3766
7529
2463
2628
5705
3622
2458
8652
4104
943
1634
3160
5647
5649
6888
4978
2452
4083
5855
2428
4279
8862
2887
5325
8383
1660
4108
9818
9066
5320
8258
9794
1489
6486
208
1045
4637
8763
6970
2113
6452
5576
1883
8813
97
1348
1180
7761
4092
9409
8635
7961
607
5119
8151
8473
5604
3107
1242
4490
1710
8223
6178
3786
9710
834
8257
411
7373
8437
6122
2776
4967
7203
7351
8797
5239
9033
7646
1667
1946
1985
1848
5984
5037
4518
1765
5467
2510
6893
5309
309
8658
6294
3806
4297
5916
5749
9520
9320
2850
774
3379
7573
3977
1812
3723
9854
8020
4997
460
1718
0
8560
5454
7913
9113
7270
9196
9552
8728
2708
5834
7740
7056
2891
3519
2033
7022
769
4662
2014
1728
7486
1188
5513
7494
2919
3173
7581
9945
2987
5338
166
9836
486
4794
3631
4428
3815
5166
7768
7051
5828
6766
1732
2242
3286
9825
9471
6332
5899
7978
9642
3664
2782
2158
6752
6801
3298
863
3314
4976
8743
1346
1197
8847
1072
7706
3995
1152
4989
6089
1279
2274
83
4224
9853
6905
448
2420
6802
3003
215
5757
4022
7093
4790
2740
4165
540
9211
3932
3510
9938
7040
5200
8122
947
5436
4150
5847
9051
4688
5002
8190
2535
3347
6744
2922
2726
3342
1746
384
4011
2965
7155
3898
1497
9465
9412
7420
7302
7134
2993
1635
7410
1229
8081
3080
9786
2858
8321
9523
1017
5033
8992
8873
3148
5507
8016
8148
4537
7717
7047
3684
8607
7175
7563
3701
2185
7013
7358
9547
712
2987
6128
2548
1135
5279
4937
9231
4460
1636
3272
8864
9095
4040
9134
3787
2947
8948
2135
4760
6964
9394
6926
731
5288
5753
4475
4810
7565
800
1649
6014
7020
3863
5381
9385
3914
8314
6288
5456
7729
6437
8030
3726
3002
5783
2919
3800
3119
1527
1341
2147
3583
63
2401
2057
1253
88
5859
9308
8924
8774
927
6297
5185
2254
5749
2943
8008
1659
2538
3552
6724
8152
7221
4987
1158
3060
9185
3013
8544
2055
6265
488
8567
5568
2460
3150
4370
1161
1026
6247
2696
7375
3587
7951
9467
2784
6682
3568
8040
8378
778
7933
6165
6248
3183
2059
4211
2561
5551
4082
1633
8273
8673
3889
839
6704
2122
5395
7637
3140
3995
403
5246
7958
6454
3187
4512
1431
6074
5534
6395
5317
4091
7822
4071
3623
585
2900
1059
2530
8348
6039
8664
7332
6710
6017
719
2502
2990
9530
6146
9491
9368
3540
139
5702
5972
7940
2943
7263
6756
3937
1118
7641
3363
1952
9971
3961
3554
6518
7378
2938
5049
4614
8623
8770
2643
8237
9078
6024
6309
1583
6545
1576
698
8165
7917
1032
1878
3442
5441
6661
5493
4068
6316
5882
1589
5763
5624
1580
5284
7986
6647
8140
9203
5060
4541
9995
3106
243
8987
2654
8522
1327
9003
9762
1353
3793
8377
3529
3388
296
3343
49
4475
3308
5061
5473
674
1097
8222
3791
162
5948
3672
2051
7865
7472
7327
4255
1846
3197
9865
885
9328
3225
1669
7017
7892
5701
5343
8352
7880
5046
3722
1123
5315
5507
4784
8792
748
8398
6113
5750
8385
2632
614
5801
1528
4613
2115
1126
4964
5360
4133
5617
2236
9877
7639
5021
5929
6194
3943
5150
2071
9252
6976
8580
5538
7872
5183
9704
1967
1407
7006
7810
3078
6358
5513
7913
6554
2230
7094
9484
8660
227
6363
3940
7625
7965
4414
2765
8507
8360
384
9481
5702
1057
6922
346
7581
348
8616
601
8820
4363
8688
5378
9915
6547
3312
6957
109
1885
4849
2985
9479
7167
4927
3431
8298
6705
5870
7657
6960
2331
4228
6724
7719
9268
3373
303
284
7506
3009
1942
6938
1694
2236
1262
9237
1234
9385
6727
7590
6269
6199
8045
7053
4551
6152
2944
7540
8790
6714
9123
4291
4044
3167
8498
4954
9920
7238
7521
2881
2928
7248
4296
2399
220
7728
531
673
7072
5561
3897
2559
7030
6536
4318
9347
5390
963
5896
9674
3840
9450
4712
1034
6501
296
1580
3307
5351
8101
7982
1502
6089
9087
2882
3536
3848
2461
7868
256
1849
8647
8196
9174
5091
4659
7675
400
5469
4040
6068
3118
4349
3841
8702
3626
3526
3895
9314
1428
5777
4311
8813
8160
1743
5545
4608
5242
769
1658
7418
44
9493
1461
5067
7123
3476
4116
5678
574
3984
5465
5884
5942
4129
8876
3197
5276
6026
9697
5535
6898
3360
5574
5010
2249
1809
5805
7617
5776
3156
1683
5148
239
7581
6347
839
9051
2630
7039
5568
9293
6672
4873
7211
3923
9262
7224
1738
9334
754
5666
979
4911
8784
8034
8673
4535
9754
6616
3322
6074
9360
5756
3696
3808
7352
1209
385
495
8242
485
4731
290
1453
8104
4649
1105
1544
2207
5400
5162
1562
9276
2203
9456
323
1868
726
3654
7480
195
954
1549
8610
2163
9728
3597
6217
8032
7299
2316
1568
5270
3689
9351
6556
6351
1315
2850
4435
7255
1400
6497
3169
7280
2999
6997
5419
1368
5152
5105
4706
4625
4595
6405
8206
4970
3787
1955
2764
3908
6551
5630
2250
7311
1569
4560
1160
7810
7144
1401
1501
7873
4199
2330
7414
7990
8311
2658
4748
7532
5721
2740
854
6755
2726
438
3221
7238
2651
2853
4273
4563
9661
9236
3643
1459
4088
9040
8528
1836
9672
3936
7370
6103
9105
265
2018
6052
649
8901
8797
3152
5213
2765
9435
7603
263
8343
8695
6731
4186
6499
6723
380
2360
9554
634
7843
4027
6200
1640
5584
7332
3121
1169
7488
8378
2395
1845
9719
9008
6710
6934
401
7156
228
4931
254
3101
1525
4333
4134
4696
6461
7303
4927
4759
3052
9966
702
4211
7478
1327
3169
5241
174
2480
530
9832
3668
2662
629
281
9270
8982
920
44
8018
2184
262
5156
2402
1702
3761
8780
9285
9421
5979
4014
1181
3058
9726
2988
2585
6910
7309
3496
414
9782
8662
7938
2757
7396
6077
3178
8152
9288
8408
4072
8355
8275
8550
7900
1212
3932
6773
1684
6615
212
9048
9493
7801
1329
3895
2210
2251
9329
3481
7959
1325
1400
4700
7430
5431
4894
3795
4640
1993
3299
3708
366
6788
6915
6808
2410
5320
7906
6888
4155
9810
554
3404
439
9121
4022
7813
7704
3465
6785
6566
3555
3106
8952
7815
9407
420
1188
9224
8756
7678
6632
2396
2705
8686
5323
5398
3904
1025
8964
8594
9794
7063
7570
603
6139
6121
8522
549
2261
7225
2865
4
54
1732
3298
2991
9936
7786
3248
5291
8177
4020
6647
4870
1754
8232
3619
3750
8783
7866
8096
7861
4910
3026
9642
5510
8589
9494
3181
6976
1103
8775
7188
7442
373
4509
2985
2990
1156
9796
5244
4683
8036
7944
6520
8934
1792
9921
6700
3265
4171
5430
1641
5357
873
919
3921
9829
7661
7069
2641
1603
9872
358
8530
6885
1357
8130
5193
2812
4882
4284
7310
4623
2359
3169
1812
4889
9941
2552
8632
2716
9959
2658
3486
2158
8970
7159
6334
8122
8767
3745
5653
4920
5102
6450
465
7347
7076
9234
9188
6661
8709
526
6797
4147
2986
1384
9547
3123
7893
5718
9530
6144
3344
9649
9758
7962
7753
8473
4098
6340
3027
3928
5404
2231
7199
1513
9497
8000
4614
7460
2261
7408
4612
7607
2037
3876
983
5939
9778
4192
6138
8807
4945
3264
5870
1971
6029
1801
2899
1520
726
2846
9933
6453
2333
4995
5921
235
5696
9824
2360
1005
8184
8551
56
5288
8602
8296
561
8018
9664
1415
694
2493
7750
2361
2969
7464
7005
5256
9558
5008
3538
1939
2516
2025
9461
4662
8354
272
5830
9761
800
4680
8150
8681
1592
7379
8062
527
5489
5327
40
5957
2338
2729
2519
5695
6002
5551
8729
8168
7211
4316
3671
9883
5015
3145
206
9010
9394
7499
9005
7361
5807
469
4226
8443
967
7608
9249
9605
8012
3269
4489
4421
8328
7244
2420
7395
6802
9039
3277
6851
7020
8611
8589
3429
3036
6542
8710
987
4723
3745
4794
3935
4430
582
5295
9998
3723
7985
2012
254
269
8634
917
8932
6638
4532
8594
3865
4711
8430
5953
4806
1684
466
7092
841
6227
8108
2659
43
6285
7047
3877
4205
3192
3013
5508
8989
303
9677
3478
5162
8204
5772
5621
9727
2681
5354
2040
6683
6126
8726
4988
5933
7791
7982
6825
5424
3434
325
8606
5974
272
4385
1171
454
8873
9598
5226
9001
9654
6375
6816
9755
7985
5283
9866
243
8543
6725
8003
7999
6534
8735
3740
243
671
9407
4292
1547
376
2202
9793
5255
7595
6933
1469
9175
1805
6569
4475
8527
5330
161
2489
9475
4922
5190
8952
4704
4707
8411
2857
8438
5060
2880
5386
2075
1753
253
7361
3168
9806
1701
6473
9880
6867
7800
7571
224
1663
7616
8885
426
4095
9881
2021
9554
4879
4627
3791
8209
4285
1925
3488
7500
1502
5502
123
801
8414
2915
274
4861
4179
673
8735
8701
9879
2273
921
8471
5754
9435
8141
3891
7028
2013
4254
7288
8191
21
4977
9321
9742
2016
9181
6459
5874
7670
4862
4049
6336
8793
1161
5339
816
2288
1822
1263
9580
565
4742
7945
9811
9793
6933
8909
3127
4032
4105
6816
6082
3767
9358
5152
2130
670
6005
3766
450
6487
5429
3407
4356
2909
2044
3484
9572
965
3954
4145
556
3055
9670
8490
1282
8081
8398
3225
5408
286
3831
6393
9581
5418
9110
8957
2814
3597
3697
2945
4301
6895
1261
2641
1824
1027
1353
6868
3001
4807
6655
9796
2005
8035
1887
4915
5122
8368
70
1804
9516
360
6785
8163
934
5359
3307
213
7697
9231
5045
2999
336
5982
2603
8407
8453
9271
8930
2778
9024
531
7570
7871
3222
1954
3760
8639
2081
4964
2327
8794
4822
9947
3677
440
7525
994
1995
7216
3956
220
7777
1305
4846
9791
202
3462
6672
6246
3543
1747
6090
898
5787
9075
1570
2159
6973
1849
9500
471
9340
1991
8029
4217
1333
2480
8288
5428
2764
2162
9263
7424
8940
9020
9545
2624
7512
2379
6485
7654
2892
3573
848
4648
9665
1495
2964
2143
8161
4144
4599
6342
2515
9798
9275
3687
3958
1755
2628
8642
9819
8737
3520
6405
1792
8974
6106
8849
5383
9758
2817
3417
6123
5847
8311
8929
7151
9440
4848
9288
7046
1690
268
5938
6448
691
739
2588
6890
3731
1830
1183
5554
2209
3081
6424
5179
6078
3209
7209
9263
942
5374
7294
8835
4979
4518
4229
8602
4779
1672
5107
7072
8866
3359
84
7364
5182
7740
9735
2865
4145
2982
339
4623
2008
7488
1935
5425
221
6075
7624
8895
5227
991
9000
589
9723
1707
1809
2113
779
2872
7992
8540
2418
5476
5125
4072
279
2344
1899
774
3774
5387
8827
513
6821
8691
6576
717
1668
8514
504
512
1575
8489
8826
4921
7203
5976
3633
1331
8441
3349
8455
4242
8109
6267
3483
1405
6452
9467
9671
6924
5717
9478
5967
4616
2175
2785
9669
7986
8965
7460
8549
1537
6829
6030
4758
1848
1435
7450
4801
5786
5343
6445
6873
7595
9867
9214
6715
6173
7095
5477
5835
8796
5167
8239
1370
7802
530
4231
5209
2293
9338
16
1061
7779
6423
966
2095
2882
4356
2947
8481
3705
6972
9425
3731
3278
1439
9925
1069
5608
486
9299
6236
1307
1687
1116
1118
4489
3861
2592
3358
8718
1589
2993
747
3129
7597
2194
5569
8535
9351
1147
3337
7340
564
1454
2370
363
536
6925
5539
8311
4255
6019
3150
5569
3986
436
6443
9218
8750
1753
4444
6739
1504
4952
3027
1759
5111
5013
3965
8333
7272
252
3466
790
1443
4073
4228
7957
5491
4946
2423
7700
2344
2983
1149
149
7194
322
4913
5722
3973
1657
5452
7119
9746
745
7842
2820
9454
8473
7240
3323
4969
8159
825
318
1857
4182
6583
3326
4400
719
379
7955
4469
8409
5477
4827
2637
8107
4109
8505
585
2530
9015
1291
2262
8554
3959
7635
7561
5229
6138
1084
6314
5119
166
7180
2320
9516
2800
2542
6783
1265
9985
2471
8084
2481
2914
6858
113
8255
7809
6904
4515
1609
4916
3243
3179
9435
5777
9403
6021
3900
4318
3237
5724
8911
6466
2943
5444
6621
5075
3606
7724
4684
1790
4797
2846
961
5146
9730
2665
8772
4673
1670
1645
2374
4074
3904
204
9357
2634
5390
6798
3914
2962
5453
4190
2498
4859
7310
2279
1341
9676
2091
4530
3449
6873
2091
7574
1286
4635
4426
3863
125
9417
4038
5404
6271
5043
8024
2527
3746
617
1630
5433
2868
7904
9964
7800
4204
3066
8437
1156
1785
4691
9276
5876
197
9903
1063
9714
1174
2990
3180
7571
6657
6501
7295
6854
6946
3004
3564
1222
4519
6864
121
1767
6379
9244
575
8765
370
6331
5763
9015
3814
270
2774
3456
6016
4690
6421
7302
9729
1832
5743
227
502
6308
859
7279
6970
1263
3580
2144
9634
6372
8521
3147
437
3467
170
8946
528
4846
5327
5253
9018
1368
9675
6137
1240
2245
1825
3426
1043
6166
8136
5619
8004
3826
6846
3270
7069
5238
602
1331
5125
1306
2348
144
6262
8063
722
5874
5062
3691
7591
8055
5192
2994
2178
6604
8739
1337
3326
3191
300
248
3913
2158
8630
9831
9145
4316
7851
8961
3529
2905
9646
2803
9676
4761
7652
8649
5806
1285
5376
5258
7764
3235
9315
7948
5723
516
9710
1548
5318
3178
2376
5957
7920
2655
6386
4566
4989
2889
4039
4064
7003
9472
1508
5278
8332
1149
840
8584
5606
2134
6559
4186
8621
5572
3031
7072
9628
8152
1966
8830
8985
3412
2950
3663
2558
6595
3737
3924
9029
7037
1191
1282
3303
5023
8225
3234
5593
8819
6849
1089
4427
4129
2553
4793
5829
2650
626
1989
225
8563
731
3562
3247
1818
2100
5594
6537
4914
8017
8131
9902
5464
4939
4441
6721
332
8553
566
383
8356
6341
3867
701
7754
3817
1008
5767
1196
9505
352
6492
6223
1928
1107
8207
1192
413
1708
6139
7274
351
2924
9309
5127
2709
6953
456
860
7030
2369
7972
9630
6973
6224
9501
6791
7492
8799
5851
5913
3173
3582
8192
178
7970
4868
1102
8659
7581
8062
8981
1837
7067
3239
3584
1314
7953
812
5991
7152
1017
9244
7173
2511
3254
8684
7547
9352
72
1110
7350
827
6713
7118
6501
5698
6053
1845
4743
7634
3512
7678
265
7542
3612
9384
7767
243
6878
8086
4981
7739
243
4102
36
78
8890
5110
721
1397
2565
5288
716
3114
4763
3157
7150
8427
8945
690
8471
2291
1929
3916
1551
8879
972
5729
2175
4138
7675
4914
3640
4539
8838
1478
4050
4337
1646
7326
4070
2765
8160
3019
3402
9448
1996
5902
6054
1031
8278
2268
1596
4521
6476
6341
2005
3166
4582
1881
1475
8828
2243
7996
9621
757
9883
9329
6838
4432
695
2232
4321
5698
2394
2754
182
4832
6098
9301
7452
2353
341
2708
9352
3397
9317
9093
2164
324
5748
6371
6259
3826
423
3593
1403
1284
2446
3346
3352
7355
6472
1423
4889
5863
5820
4646
5981
3938
3246
7297
4536
9058
4364
8964
1336
7136
2248
1754
199
5151
5559
2832
7111
4924
6725
9014
178
5599
1122
3759
5575
1163
3028
3312
3385
5883
9168
7979
1190
4947
6088
6568
2591
9788
3320
6870
2463
7562
290
2722
666
2099
1305
8680
1185
9275
9554
6615
4232
3169
8078
4645
4714
689
2886
7748
1630
1357
1015
1101
9489
5883
4220
1772
4627
1811
7205
1695
6410
7069
7802
5075
5775
2549
5390
6302
1271
2983
2940
294
5833
1347
7591
5733
5901
5753
4390
3130
8160
9392
7950
3853
8175
3454
7166
3292
9514
168
8836
1204
1561
8085
7078
4941
9144
4584
6754
6729
7374
1195
771
4481
611
5779
3091
6709
5387
1881
1559
6035
3240
9619
7239
2504
976
4388
9853
7479
2617
9330
2140
1210
9458
5032
9453
2372
2060
5269
4782
5824
780
681
3511
5634
9451
3297
6699
4028
240
3510
6446
3328
6370
7728
1993
7180
3381
9273
596
9398
8933
7341
2945
3632
5746
8794
8907
4706
2240
5423
5727
2960
633
4929
7441
6235
2867
7321
1271
215
544
9707
3984
6790
6298
1487
8832
1797
458
8892
1569
8070
8719
2476
2270
7055
3622
3673
8169
2441
5089
6896
1617
2204
3006
1728
6377
1280
7897
5765
4939
5675
4096
2379
9346
229
3527
9270
8052
6494
7175
3064
1790
4218
5636
2384
2119
9782
9780
6858
7317
7603
7461
2342
1683
5997
2471
3260
5905
7279
7481
1430
8151
3000
3600
6985
7795
9105
5328
1082
6291
2560
1227
1979
2595
509
7377
5744
3768
5392
2861
385
4885
4615
3920
7498
6262
1337
6173
8684
107
3745
2350
4909
3209
3772
6368
5753
7036
2645
3246
2085
1695
9870
8354
39
5619
4300
8803
6413
8559
799
4397
5599
1467
3665
5497
5956
3225
8459
404
9227
790
7188
5406
9984
6316
7873
6516
3389
2074
8467
3112
8621
1584
6817
166
2191
3273
2882
7582
76
1189
6805
2262
120
5816
6576
950
6441
6883
2019
9671
5770
9215
7616
8611
1531
2114
5291
9662
5291
2565
9693
7553
6740
2618
2739
4463
2771
1724
1223
2318
3397
5505
1160
6616
7303
3452
5178
526
2585
9409
4773
8274
8936
323
7519
2372
5916
724
425
120
8261
2670
4574
1001
3226
3462
2855
8059
6838
6372
2213
3187
5670
2788
4115
8353
8202
7765
2171
2220
5202
4755
3760
4372
1679
9468
3371
7421
3898
7289
8896
603
3723
3406
8604
7203
9117
9955
5696
2103
4012
9829
9407
5076
2969
2551
6484
52
6034
3617
4499
533
7065
5061
8985
6560
4371
1642
9622
9205
6027
4012
6847
4414
3426
7504
9145
9229
5737
2772
3034
9904
4815
2400
2273
3213
4797
5827
194
9417
3141
3444
9219
7733
179
9579
4596
2939
2390
3205
5190
4768
549
4702
2754
147
7668
6760
2539
1987
3220
7592
2317
7249
9503
5056
3929
1305
3238
958
1346
5232
450
5864
1867
7618
5560
6084
2573
2689
6209
6111
2459
2137
3799
1811
1734
8885
6001
1888
3735
7225
1530
7766
1598
5228
9411
4919
1395
2168
4609
1890
5773
5801
9441
6777
7329
1768
5506
4791
8901
141
3981
4641
8767
2204
3110
5975
2347
3895
446
4875
8400
1049
3994
9479
6969
5556
785
3235
8331
868
3605
8962
7091
9903
6607
2970
3213
8311
8376
4773
2260
1349
6631
4627
409
3116
2207
8058
5906
2826
1208
3833
7544
3926
3322
9420
2490
8394
1124
5855
285
353
9956
2197
7260
232
417
8220
5711
3184
5863
2876
5200
3163
5440
5186
9123
7154
9108
3690
8282
2405
4887
355
4639
3196
134
4943
2623
2676
8014
6215
2436
9585
7572
7093
9641
9348
780
1896
7976
3886
2772
5131
7827
4802
2136
2941
1087
123
6529
310
4214
5638
5191
9366
5235
8086
3987
6740
7162
8922
470
812
9836
4181
6197
2914
4550
8126
1005
68
985
5743
9292
678
3982
1924
1479
8756
8417
3232
4778
6705
4111
1502
6149
1476
9079
7213
6898
4000
8666
4569
2771
7183
159
9540
5556
3482
7315
6698
2269
9102
6913
667
5774
8175
9924
3198
6352
6962
3153
7482
7162
5053
3359
7149
7822
7836
4739
8596
9371
2079
2391
1791
799
4383
8940
6485
2009
466
8835
7905
575
1771
4999
8415
6
4717
5512
9380
5345
7085
3760
550
7883
5465
4133
2596
4523
7492
6717
2169
8920
2666
8717
7817
877
5967
7322
9393
7700
9176
8635
3243
6218
5855
9915
348
6987
7252
7884
4883
2848
8075
4122
6173
2436
3021
9697
7927
5519
7234
5074
4788
1099
6447
8087
7760
1106
5464
2299
6833
2206
6851
422
1307
5745
5246
2637
5693
1204
6497
7642
1848
1634
5036
5030
6034
518
7316
1216
2988
8253
3955
7544
7740
3021
8274
8433
9934
5205
4357
9461
4697
6689
3451
142
8743
6421
3549
3813
301
1406
3354
7532
6717
7950
8451
8183
4144
1420
4499
7058
9587
4053
9499
4155
6755
9391
4826
5110
3678
8844
2565
8239
1838
545
4950
6540
3695
3190
188
9633
7907
7882
7823
3627
9307
9102
5916
2678
3731
1931
1815
4604
6187
6345
8021
4351
4512
1024
4780
3327
9679
8489
1414
9645
8205
557
9123
4209
1748
8139
9010
196
3891
2231
423
9005
4382
3548
6361
4007
6623
6740
4645
4553
5109
1366
5835
6607
5656
5875
1477
3079
2794
2735
9124
6522
5475
2542
3842
9156
4378
2459
9385
384
1535
9645
6107
9935
5721
3479
6787
5547
5130
1331
6046
7731
2222
1379
3769
549
4299
2564
8083
6578
7371
6144
8782
6283
188
5505
7861
6850
9900
910
9813
3225
786
3677
673
4556
2697
9913
1488
2559
6433
7389
8795
4393
9148
381
2021
1575
4035
6398
5260
8186
5074
5585
8820
6159
9386
8286
4114
2787
6915
8784
4026
5764
9514
3522
9688
4059
9343
280
3781
8680
9466
698
9928
6035
7953
2322
7508
7973
451
7902
1331
6845
5199
9070
5999
940
8743
8712
5500
5537
254
1364
9593
7437
7272
3789
9895
6371
5930
8510
237
4916
4302
1542
7782
9695
8347
1813
3724
540
6132
3838
4942
1009
7507
7094
882
3223
3202
5247
3178
2310
9432
5893
9020
933
1555
6777
3139
2333
3033
7620
7408
1136
4038
7603
1533
4767
7382
7343
3092
4702
8173
737
236
6077
7535
6470
5816
6150
108
1143
7353
7008
9587
6032
3357
5568
6562
7252
2773
4382
8110
4804
1053
70
9177
9364
3243
2299
1649
6986
1814
5131
8190
918
4510
4324
4426
6669
5406
8658
4846
1091
576
780
4934
8825
8301
3151
4455
9720
2583
7737
4569
9021
7871
3800
4518
8012
2393
6806
1972
6620
7231
2867
4830
1019
8388
7330
1247
8660
9501
3223
8973
370
3524
5082
4709
4161
2798
6357
9115
8206
8196
4077
3341
1081
9727
2751
8535
5829
2934
576
610
638
7671
4936
8777
3018
8483
916
7813
6241
8664
6098
853
6495
3300
7234
1617
6739
148
9592
2408
8523
1002
7721
6957
6233
381
7194
5267
9104
2817
474
952
5159
4805
6466
267
7761
2566
2573
6010
9883
2158
64
8793
3375
4220
8473
2779
527
1607
2364
2940
3056
4568
4314
6112
9255
4715
1232
8698
3526
6043
7248
9713
3743
8502
5313
9091
987
7227
1394
7616
3068
8419
9672
6678
7954
1102
4513
3180
5729
2493
5153
7319
8029
3554
2006
8747
2038
464
9297
9644
2084
7199
7340
1633
5602
4179
9173
7114
1851
8049
507
4622
1122
8036
8984
2103
9370
5062
8599
1615
8246
785
7780
3915
3286
5127
5134
1612
3681
2444
5144
5141
5474
8502
7191
6675
6315
2655
5207
3275
3955
2265
2003
2058
2558
9234
1823
7011
598
1802
7067
9138
1637
8232
272
9118
4565
2880
403
4344
3069
9279
3347
322
4991
9336
44
9721
1040
2508
2156
1104
8867
3931
4373
3312
2910
5845
4510
826
2606
2402
7397
8
1586
3954
6238
6098
8273
3248
5571
6039
3971
2631
3290
2809
7936
8297
5255
2769
226
4925
4961
8729
2149
1589
2434
7954
1074
7790
1115
6088
1003
6609
8773
5136
2862
544
8734
6066
8759
4422
625
4321
2618
8926
5662
9596
5514
7735
99
9629
7827
1057
1883
1385
1884
8433
9767
2057
8143
4061
1197
6588
5187
8631
5135
8033
8781
2673
8631
2036
8095
7765
1468
6917
7801
3588
1453
6430
3232
787
4074
3125
2015
1872
4124
6424
9700
4976
3641
1020
8749
8194
50
8003
1
5426
741
3257
3175
8195
5489
5078
8346
1731
6098
5730
3451
7762
3448
9701
3803
929
5711
4788
8393
509
7940
828
4294
4216
2451
4890
4896
6250
1446
1032
9880
7493
8221
7362
4844
1748
919
3084
6348
8278
3288
3407
3730
7544
216
822
2546
4009
1877
7053
5705
7132
9269
1214
7459
9298
5647
6186
2301
7293
2878
7025
5499
2166
9135
2342
4532
859
4460
2025
984
1784
3772
2417
619
5711
2612
3119
5284
2790
9586
7960
4054
6281
842
6345
2611
3689
6166
217
9231
6369
3310
6126
2929
9399
7024
1579
4378
4546
1943
9711
2956
465
3925
6617
4006
5948
2767
1211
8745
3993
302
8348
5609
6729
1806
2145
5811
3834
5364
7908
7840
9984
3412
7902
5284
64
2977
8293
9886
4424
6361
2052
7066
291
1940
5331
4272
9578
5579
2897
3466
7837
6748
1554
7825
3832
9842
9200
9292
4329
447
1124
8011
4085
8311
4481
6871
6737
3678
6487
4387
8306
1239
1816
6986
1399
6517
9917
7383
4788
2714
3540
9189
79
2209
5608
9149
4387
5787
2774
7483
5584
4401
485
3687
4534
2835
6183
9841
6990
1967
4394
5999
6308
6503
9890
2534
7012
8040
2842
2471
8360
9095
2954
2761
6554
2346
7933
7236
3980
749
5318
5539
3988
8429
5696
1715
89
9252
9659
3341
9185
9897
427
7092
9452
6849
9041
9455
4855
2262
9251
1931
9900
1900
4784
8540
222
9493
2542
9663
6845
5729
1476
360
4579
6876
8364
3180
7883
7519
8523
5162
760
4289
1620
6253
769
2611
170
1688
1068
6480
1046
4000
8562
2051
8397
1290
700
9470
9731
7139
8212
3737
5601
4121
6207
4667
7324
7246
1401
8025
6488
5891
9025
4789
4584
2744
8905
3134
1080
6149
6626
8225
3450
7851
2282
8213
3261
1582
6310
891
8284
9222
9167
4417
1759
295
9198
7231
6459
7492
962
6834
3000
5561
4450
4428
8947
3467
4221
2636
7730
2
6253
6438
4085
1178
9504
3286
5833
3698
8619
6964
163
2526
3997
1158
6241
2181
5528
2943
5022
748
6691
3429
1373
2800
6456
2670
3306
2430
7399
8586
7997
433
9837
5155
4542
285
3408
3399
8944
6027
9476
9804
7708
1440
54
722
2575
3925
1477
8044
460
8439
4005
